4.657549 52.484567 871886868991934464 28199976 Tue Jun 06 00:30:03 +0000 2017
4.8951679 52.3702157 871887886160986112 600677100 Tue Jun 06 00:34:05 +0000 2017
4.8922 52.3731 871888196287819778 331857080 Tue Jun 06 00:35:19 +0000 2017
4.9404865 52.36686168 871889682434588672 600677100 Tue Jun 06 00:41:13 +0000 2017
4.9271 52.328 871890648235995136 702290904460169216 Tue Jun 06 00:45:04 +0000 2017
4.657549 52.484567 871891902408388608 28199976 Tue Jun 06 00:50:03 +0000 2017
4.657549 52.484567 871896935543840768 28199976 Tue Jun 06 01:10:03 +0000 2017
4.8922 52.3731 871897584507531264 81247951 Tue Jun 06 01:12:37 +0000 2017
4.657549 52.484567 871901969081827328 28199976 Tue Jun 06 01:30:03 +0000 2017
4.90288 52.38421 871904122991255552 48395054 Tue Jun 06 01:38:36 +0000 2017
4.657549 52.484567 871907001642700803 28199976 Tue Jun 06 01:50:03 +0000 2017
4.8922 52.3731 871908635433201664 194657418 Tue Jun 06 01:56:32 +0000 2017
4.8915 52.35787 871910239486054400 77818869 Tue Jun 06 02:02:55 +0000 2017
4.8922 52.3731 871910304095100930 21183126 Tue Jun 06 02:03:10 +0000 2017
4.8951679 52.3702157 871911721375604738 600677100 Tue Jun 06 02:08:48 +0000 2017
4.657549 52.484567 871912035323457537 28199976 Tue Jun 06 02:10:03 +0000 2017
4.67925 52.49314 871914961496395778 416239978 Tue Jun 06 02:21:40 +0000 2017
4.6802488 52.4929384 871916879304163331 416239978 Tue Jun 06 02:29:18 +0000 2017
4.657549 52.484567 871917067938779138 28199976 Tue Jun 06 02:30:03 +0000 2017
4.8997 52.36609 871918401836519430 1553142583 Tue Jun 06 02:35:21 +0000 2017
4.8951679 52.3702157 871918949646168064 600677100 Tue Jun 06 02:37:31 +0000 2017
4.887221 52.365531 871920832590761984 38000217 Tue Jun 06 02:45:00 +0000 2017
4.657549 52.484567 871922101221040128 28199976 Tue Jun 06 02:50:03 +0000 2017
4.861057 52.207715 871922726012956679 318335985 Tue Jun 06 02:52:32 +0000 2017
5.2647016 52.3507849 871923058121908224 842804687518617601 Tue Jun 06 02:53:51 +0000 2017
4.6802488 52.4929384 871923108869009408 416239978 Tue Jun 06 02:54:03 +0000 2017
4.76732612 52.32157972 871926038141554688 1279741 Tue Jun 06 03:05:41 +0000 2017
4.90027761 52.37888718 871926787651010560 278708054 Tue Jun 06 03:08:40 +0000 2017
4.657549 52.484567 871927134792691712 28199976 Tue Jun 06 03:10:03 +0000 2017
4.8922 52.3731 871927733609086976 4856763665 Tue Jun 06 03:12:25 +0000 2017
4.8952 52.3702 871928517268840448 150568127 Tue Jun 06 03:15:32 +0000 2017
4.9404865 52.36686168 871928876288671744 600677100 Tue Jun 06 03:16:58 +0000 2017
5.472778 52.507778 871929350014283776 173425823 Tue Jun 06 03:18:51 +0000 2017
4.9 52.36667 871929646027345920 4567387397 Tue Jun 06 03:20:01 +0000 2017
4.966624 52.378193 871929913279959040 3375579785 Tue Jun 06 03:21:05 +0000 2017
4.76194429 52.30944443 871930562776322050 278708054 Tue Jun 06 03:23:40 +0000 2017
4.966624 52.378193 871930925529145352 3375579785 Tue Jun 06 03:25:06 +0000 2017
4.657549 52.484567 871932167496114180 28199976 Tue Jun 06 03:30:03 +0000 2017
4.76447717 52.30890201 871934453798633474 1279741 Tue Jun 06 03:39:08 +0000 2017
4.8922 52.3731 871936675789844480 72013634 Tue Jun 06 03:47:57 +0000 2017
4.9404865 52.36686168 871937008331091968 600677100 Tue Jun 06 03:49:17 +0000 2017
4.657549 52.484567 871937200698662913 28199976 Tue Jun 06 03:50:03 +0000 2017
4.8951679 52.3702157 871939246721990656 600677100 Tue Jun 06 03:58:10 +0000 2017
5.1604238 52.2952549 871939714198130688 224671737 Tue Jun 06 04:00:02 +0000 2017
4.8922 52.3731 871940071196209157 1491175718 Tue Jun 06 04:01:27 +0000 2017
4.966624 52.378193 871940315678224384 3375579785 Tue Jun 06 04:02:25 +0000 2017
4.76383043 52.30861303 871940917451685888 51989989 Tue Jun 06 04:04:49 +0000 2017
4.966624 52.378193 871941302107164672 3375579785 Tue Jun 06 04:06:20 +0000 2017
4.657549 52.484567 871942233804726273 28199976 Tue Jun 06 04:10:03 +0000 2017
4.88991 52.34123 871944061573353472 42235930 Tue Jun 06 04:17:18 +0000 2017
4.760491 52.311102 871945118458273792 1279741 Tue Jun 06 04:21:30 +0000 2017
4.65685913 52.31181601 871945963555958785 207606980 Tue Jun 06 04:24:52 +0000 2017
4.657549 52.484567 871947263463051264 28199976 Tue Jun 06 04:30:02 +0000 2017
4.725978 52.198565 871947766712479744 126073175 Tue Jun 06 04:32:02 +0000 2017
4.76383043 52.30861303 871949560779862016 16466130 Tue Jun 06 04:39:09 +0000 2017
4.90524 52.35998 871951424250413056 22147889 Tue Jun 06 04:46:34 +0000 2017
4.657549 52.484567 871952296657244160 28199976 Tue Jun 06 04:50:02 +0000 2017
5.50215 52.48012 871952339875311616 704264353940414464 Tue Jun 06 04:50:12 +0000 2017
4.88203118 52.36262437 871953385947377668 162757890 Tue Jun 06 04:54:21 +0000 2017
4.92665475 52.32488896 871953699874242562 139360507 Tue Jun 06 04:55:36 +0000 2017
4.703845 52.371975 871953889284820994 358650021 Tue Jun 06 04:56:21 +0000 2017
4.681891 52.35475 871954307272146944 126073175 Tue Jun 06 04:58:01 +0000 2017
4.8951679 52.3702157 871954365015306242 600677100 Tue Jun 06 04:58:15 +0000 2017
4.876122 52.439052 871955748410019840 19140633 Tue Jun 06 05:03:45 +0000 2017
4.703845 52.371975 871956194272960512 19140633 Tue Jun 06 05:05:31 +0000 2017
4.8942588 52.4171006 871956201780768768 19140633 Tue Jun 06 05:05:33 +0000 2017
4.87121648 52.37238801 871956615343345664 15588419 Tue Jun 06 05:07:11 +0000 2017
4.65684894 52.3118551 871956768552890368 207606980 Tue Jun 06 05:07:48 +0000 2017
4.657549 52.484567 871957329792684036 28199976 Tue Jun 06 05:10:02 +0000 2017
4.70704374 52.34201646 871958686763282432 371310301 Tue Jun 06 05:15:25 +0000 2017
4.76393985 52.30908793 871958827448639488 24346882 Tue Jun 06 05:15:59 +0000 2017
4.70704374 52.34201646 871958872076013568 371310301 Tue Jun 06 05:16:09 +0000 2017
4.70704374 52.34201646 871959080646184960 371310301 Tue Jun 06 05:16:59 +0000 2017
4.8922 52.3731 871959308489109504 81411061 Tue Jun 06 05:17:54 +0000 2017
4.639205 52.166744 871960581674348544 3375579785 Tue Jun 06 05:22:57 +0000 2017
4.81193764 52.44243126 871960793960648704 2792120373 Tue Jun 06 05:23:48 +0000 2017
4.81460398 52.43668558 871961222568177665 2792120373 Tue Jun 06 05:25:30 +0000 2017
4.65688854 52.31181601 871961708209811457 207606980 Tue Jun 06 05:27:26 +0000 2017
4.639205 52.166744 871961751503372292 3375579785 Tue Jun 06 05:27:36 +0000 2017
4.657549 52.484567 871962362915540992 28199976 Tue Jun 06 05:30:02 +0000 2017
4.8900535 52.4184236 871962363846676480 224671737 Tue Jun 06 05:30:02 +0000 2017
4.6923862 52.3480387 871962365167906816 224671737 Tue Jun 06 05:30:02 +0000 2017
4.87621181 52.43947334 871962366870790144 224671737 Tue Jun 06 05:30:03 +0000 2017
4.8922 52.3731 871962593694326785 237792562 Tue Jun 06 05:30:57 +0000 2017
4.87333872 52.33899357 871963433570316288 18475187 Tue Jun 06 05:34:17 +0000 2017
5.07706 52.22877 871963647790264320 704264353940414464 Tue Jun 06 05:35:08 +0000 2017
4.867229 52.3672562 871963981321314304 196337307 Tue Jun 06 05:36:28 +0000 2017
4.82145309 52.32057309 871964380845539332 3598644755 Tue Jun 06 05:38:03 +0000 2017
4.9 52.3 871964767866564608 621724020 Tue Jun 06 05:39:35 +0000 2017
4.80366 52.32372 871964918106525696 704264353940414464 Tue Jun 06 05:40:11 +0000 2017
4.66269 52.33007 871964932530733056 704264353940414464 Tue Jun 06 05:40:14 +0000 2017
5.34289 52.3445 871964977497821185 704264353940414464 Tue Jun 06 05:40:25 +0000 2017
4.9 52.3 871965088567230465 621724020 Tue Jun 06 05:40:52 +0000 2017
4.8756367 52.4160137 871966629546078208 606514503 Tue Jun 06 05:46:59 +0000 2017
4.685812 52.509987 871967333887115265 19140633 Tue Jun 06 05:49:47 +0000 2017
4.657549 52.484567 871967399456768000 28199976 Tue Jun 06 05:50:03 +0000 2017
5.0293 52.11979 871967621029167104 704264353940414464 Tue Jun 06 05:50:55 +0000 2017
4.89948173 52.37879244 871968095115542528 461860793 Tue Jun 06 05:52:48 +0000 2017
4.9138121 52.4295674 871969191171051521 32283065 Tue Jun 06 05:57:10 +0000 2017
4.6907041 52.3060853 871969407152476161 32736739 Tue Jun 06 05:58:01 +0000 2017
4.8951679 52.3702157 871969665530068992 32707741 Tue Jun 06 05:59:03 +0000 2017
4.6766207 52.5058912 871969915615539204 224671737 Tue Jun 06 06:00:02 +0000 2017
4.80548 52.35548 871969917209366528 19116083 Tue Jun 06 06:00:03 +0000 2017
4.71616 52.3653 871971246401040384 704264353940414464 Tue Jun 06 06:05:20 +0000 2017
4.6267 52.21531 871971383428907009 704264353940414464 Tue Jun 06 06:05:52 +0000 2017
4.6663 52.16245 871971417126035456 704264353940414464 Tue Jun 06 06:06:00 +0000 2017
4.9167 52.35 871971513016004608 550261599 Tue Jun 06 06:06:23 +0000 2017
4.8951679 52.3702157 871971702812549120 32289100 Tue Jun 06 06:07:09 +0000 2017
4.639205 52.166744 871971999740022784 3375579785 Tue Jun 06 06:08:19 +0000 2017
4.76194429 52.30944443 871972088399134720 278708054 Tue Jun 06 06:08:40 +0000 2017
4.76517318 52.30837915 871972397032894464 24346882 Tue Jun 06 06:09:54 +0000 2017
4.657549 52.484567 871972432856395777 28199976 Tue Jun 06 06:10:03 +0000 2017
4.639205 52.166744 871973014581235712 3375579785 Tue Jun 06 06:12:21 +0000 2017
4.8922 52.3731 871973419507740673 485525542 Tue Jun 06 06:13:58 +0000 2017
4.84014546 52.39023883 871974353596018688 56846690 Tue Jun 06 06:17:41 +0000 2017
4.89104311 52.38073849 871975014303707136 988282898 Tue Jun 06 06:20:18 +0000 2017
4.71481 52.27972 871975116191793157 704264353940414464 Tue Jun 06 06:20:42 +0000 2017
4.67539 52.36899 871975208294469632 704264353940414464 Tue Jun 06 06:21:04 +0000 2017
4.9404865 52.36686168 871975254968676352 600677100 Tue Jun 06 06:21:15 +0000 2017
4.83654 52.26678 871975402499182595 702177824 Tue Jun 06 06:21:51 +0000 2017
4.9444912 52.3108559 871976185399521280 16021466 Tue Jun 06 06:24:57 +0000 2017
4.9444912 52.3108559 871976290844377090 16021466 Tue Jun 06 06:25:22 +0000 2017
4.8922 52.3731 871976547695169537 20352766 Tue Jun 06 06:26:24 +0000 2017
4.674156 52.368501 871976925157359616 19140633 Tue Jun 06 06:27:54 +0000 2017
4.90127 52.38413 871977061228789760 139370939 Tue Jun 06 06:28:26 +0000 2017
4.6948161 52.3693745 871977460442726400 224671737 Tue Jun 06 06:30:01 +0000 2017
4.657549 52.484567 871977465790566400 28199976 Tue Jun 06 06:30:03 +0000 2017
4.71521 52.51564 871978866390204416 704264353940414464 Tue Jun 06 06:35:36 +0000 2017
4.7166492 52.5325609 871978991833448448 215039549 Tue Jun 06 06:36:06 +0000 2017
4.6198 52.20586 871979004898758657 704264353940414464 Tue Jun 06 06:36:10 +0000 2017
4.81918285 52.47337076 871979836989898752 711611728107347972 Tue Jun 06 06:39:28 +0000 2017
4.90837946 52.35903933 871980559882481664 5096741 Tue Jun 06 06:42:20 +0000 2017
4.8922 52.3731 871980802007064576 173629568 Tue Jun 06 06:43:18 +0000 2017
5.10848693 52.31568004 871981348650614784 25479628 Tue Jun 06 06:45:28 +0000 2017
4.8922 52.3731 871981493936996352 1510015866 Tue Jun 06 06:46:03 +0000 2017
4.88413 52.37673 871981669619834880 501664362 Tue Jun 06 06:46:45 +0000 2017
4.8922 52.3731 871981880438083584 17023553 Tue Jun 06 06:47:35 +0000 2017
4.92784223 52.37139159 871981913774452736 73122553 Tue Jun 06 06:47:43 +0000 2017
4.8951679 52.3702157 871982109250002945 600677100 Tue Jun 06 06:48:30 +0000 2017
4.8922 52.3731 871982273863856128 139370939 Tue Jun 06 06:49:09 +0000 2017
4.657549 52.484567 871982499085385729 28199976 Tue Jun 06 06:50:03 +0000 2017
4.67468 52.37039 871982599308181504 704264353940414464 Tue Jun 06 06:50:26 +0000 2017
4.65531 52.23849 871982767613124608 704264353940414464 Tue Jun 06 06:51:07 +0000 2017
4.88497699 52.36001907 871982783794565120 64359765 Tue Jun 06 06:51:10 +0000 2017
5.07659 52.13701 871982784918827008 704264353940414464 Tue Jun 06 06:51:11 +0000 2017
4.72089 52.53692 871982815696613376 704264353940414464 Tue Jun 06 06:51:18 +0000 2017
4.74988972 52.30407036 871982999046422528 46393534 Tue Jun 06 06:52:02 +0000 2017
4.96419 52.52128 871983019523006464 3319121925 Tue Jun 06 06:52:07 +0000 2017
4.58274081 52.19737007 871983129468182528 159574066 Tue Jun 06 06:52:33 +0000 2017
4.8561566 52.3518119 871983290927984640 743528328045432836 Tue Jun 06 06:53:11 +0000 2017
4.96448994 52.35057198 871983328412545024 25479628 Tue Jun 06 06:53:20 +0000 2017
4.889878 52.379113 871983518259261440 988282898 Tue Jun 06 06:54:06 +0000 2017
4.8389854 52.3438606 871983756432875520 3598644755 Tue Jun 06 06:55:02 +0000 2017
4.8922 52.3731 871983918765027328 81411061 Tue Jun 06 06:55:41 +0000 2017
4.8922 52.3731 871984923854458880 215292728 Tue Jun 06 06:59:41 +0000 2017
4.94783878 52.37295299 871984969056387072 25479628 Tue Jun 06 06:59:51 +0000 2017
4.8951679 52.3702157 871985013558005761 224671737 Tue Jun 06 07:00:02 +0000 2017
4.8922 52.3731 871985079110606848 1878911695 Tue Jun 06 07:00:18 +0000 2017
4.90027761 52.37888718 871985301689958401 278708054 Tue Jun 06 07:01:11 +0000 2017
4.8922 52.3731 871985816729296896 1483904846 Tue Jun 06 07:03:14 +0000 2017
4.75 52.3 871985873180557315 1635063680 Tue Jun 06 07:03:27 +0000 2017
4.70926 52.29711 871986531002658816 704264353940414464 Tue Jun 06 07:06:04 +0000 2017
4.67698 52.37044 871986545674342400 704264353940414464 Tue Jun 06 07:06:07 +0000 2017
4.90127 52.38413 871986546282553344 139370939 Tue Jun 06 07:06:08 +0000 2017
5.0287 52.45445 871986602817540096 704264353940414464 Tue Jun 06 07:06:21 +0000 2017
5.17509668 52.10736014 871986960981774336 277652177 Tue Jun 06 07:07:46 +0000 2017
4.76194429 52.30944443 871987188103340032 278708054 Tue Jun 06 07:08:41 +0000 2017
4.931338 52.357773 871987420857864193 836946370263199744 Tue Jun 06 07:09:36 +0000 2017
4.657549 52.484567 871987529167273984 28199976 Tue Jun 06 07:10:02 +0000 2017
4.88405982 52.35926095 871987640467435520 2881967243 Tue Jun 06 07:10:28 +0000 2017
4.76194429 52.30944443 871987817856942080 278708054 Tue Jun 06 07:11:11 +0000 2017
4.89243 52.37263 871988535431237632 44521256 Tue Jun 06 07:14:02 +0000 2017
4.89439848 52.38466059 871989076878118912 25479628 Tue Jun 06 07:16:11 +0000 2017
4.8922 52.3731 871989228124733440 18283199 Tue Jun 06 07:16:47 +0000 2017
4.89835654 52.36813326 871989465451028480 429674109 Tue Jun 06 07:17:44 +0000 2017
4.90127 52.38413 871989865407053824 372473394 Tue Jun 06 07:19:19 +0000 2017
4.8922 52.3731 871990002498109440 9242752 Tue Jun 06 07:19:52 +0000 2017
4.98196 52.51729 871990108139864064 919422606 Tue Jun 06 07:20:17 +0000 2017
4.99126478 52.30791646 871990357973708800 177149155 Tue Jun 06 07:21:16 +0000 2017
4.88950117 52.36630469 871991016915689474 119195552 Tue Jun 06 07:23:53 +0000 2017
4.72674 52.32903 871991385393684482 704264353940414464 Tue Jun 06 07:25:21 +0000 2017
4.76383043 52.30861303 871992238141734912 71369384 Tue Jun 06 07:28:45 +0000 2017
4.657549 52.484567 871992565561688065 28199976 Tue Jun 06 07:30:03 +0000 2017
5.11667 52.2333 871992692561117188 2301476547 Tue Jun 06 07:30:33 +0000 2017
5.06958961 52.12838719 871993584873988096 1481639564 Tue Jun 06 07:34:06 +0000 2017
4.8951679 52.3702157 871994126346182657 19140633 Tue Jun 06 07:36:15 +0000 2017
4.861057 52.207715 871994217161216002 318335985 Tue Jun 06 07:36:36 +0000 2017
4.91919134 52.36083513 871994255346200580 468636853 Tue Jun 06 07:36:46 +0000 2017
4.8922 52.3731 871994519562076160 392900807 Tue Jun 06 07:37:48 +0000 2017
5.17509668 52.10736014 871994725716430848 18979765 Tue Jun 06 07:38:38 +0000 2017
4.76383043 52.30861303 871994923729530880 151879749 Tue Jun 06 07:39:25 +0000 2017
4.83388889 52.35722222 871995279053946880 36240249 Tue Jun 06 07:40:50 +0000 2017
4.8754053 52.3682853 871995317545181184 2882547575 Tue Jun 06 07:40:59 +0000 2017
5.07575283 52.49440428 871995504594493440 227190041 Tue Jun 06 07:41:43 +0000 2017
4.88371538 52.35906526 871996177260138497 77019386 Tue Jun 06 07:44:24 +0000 2017
4.85473 52.35589 871996355958497280 743528328045432836 Tue Jun 06 07:45:06 +0000 2017
4.95053723 52.34473171 871996955119022080 70458902 Tue Jun 06 07:47:29 +0000 2017
4.657549 52.484567 871997598655270912 28199976 Tue Jun 06 07:50:03 +0000 2017
5.08107768 52.14305762 871997609442934785 127449316 Tue Jun 06 07:50:05 +0000 2017
4.885395 52.385035 871997731979616260 761198084 Tue Jun 06 07:50:34 +0000 2017
5.240556 52.394444 871998606911385600 4251451431 Tue Jun 06 07:54:03 +0000 2017
5.17509668 52.10736014 871999615721230336 94561549 Tue Jun 06 07:58:04 +0000 2017
4.9404865 52.36686168 872000024544239616 600677100 Tue Jun 06 07:59:41 +0000 2017
4.8750932 52.3628136 872000116269473792 224671737 Tue Jun 06 08:00:03 +0000 2017
4.76194429 52.30944443 872000402975272960 278708054 Tue Jun 06 08:01:11 +0000 2017
4.83333 52.45 872000505693818880 104805105 Tue Jun 06 08:01:36 +0000 2017
4.8383298 52.2802811 872000940567650306 322810351 Tue Jun 06 08:03:19 +0000 2017
4.8922 52.3731 872001002790158336 149087041 Tue Jun 06 08:03:34 +0000 2017
4.8922 52.3731 872001331594231809 70801842 Tue Jun 06 08:04:53 +0000 2017
4.577366 52.27364 872001516147789825 3375579785 Tue Jun 06 08:05:37 +0000 2017
4.89948173 52.37879244 872001963638087681 215159431 Tue Jun 06 08:07:23 +0000 2017
4.76194429 52.30944443 872002288327553024 278708054 Tue Jun 06 08:08:41 +0000 2017
4.76194429 52.30944443 872002289422278660 278708054 Tue Jun 06 08:08:41 +0000 2017
4.577366 52.27364 872002325648474113 3375579785 Tue Jun 06 08:08:50 +0000 2017
4.639205 52.166744 872002326931939328 3375579785 Tue Jun 06 08:08:50 +0000 2017
4.76393985 52.30908793 872002543269892096 196337307 Tue Jun 06 08:09:41 +0000 2017
4.87132506 52.37226589 872002610026491904 15588419 Tue Jun 06 08:09:57 +0000 2017
4.657549 52.484567 872002632092717056 28199976 Tue Jun 06 08:10:03 +0000 2017
4.76383043 52.30861303 872003047416897536 319046201 Tue Jun 06 08:11:42 +0000 2017
4.90166 52.3696 872003134297710592 3598644755 Tue Jun 06 08:12:02 +0000 2017
4.8951679 52.3702157 872003186671972352 600677100 Tue Jun 06 08:12:15 +0000 2017
4.9295926 52.3531495 872003453534576640 19140633 Tue Jun 06 08:13:19 +0000 2017
4.639205 52.166744 872003503752970240 3375579785 Tue Jun 06 08:13:30 +0000 2017
4.89144534 52.37297981 872003645696385025 128643381 Tue Jun 06 08:14:04 +0000 2017
4.89144534 52.37297981 872003647164436481 128643381 Tue Jun 06 08:14:05 +0000 2017
4.99126478 52.30791646 872004016154173442 72118433 Tue Jun 06 08:15:33 +0000 2017
4.89043 52.39253 872004045405392896 89026715 Tue Jun 06 08:15:40 +0000 2017
4.8951679 52.3702157 872004375954182144 38176898 Tue Jun 06 08:16:58 +0000 2017
4.76393985 52.30908793 872004471311794176 65108630 Tue Jun 06 08:17:21 +0000 2017
4.9079 52.36701 872004484339163137 268877135 Tue Jun 06 08:17:24 +0000 2017
4.76393985 52.30908793 872005290408910848 36240249 Tue Jun 06 08:20:36 +0000 2017
4.76194429 52.30944443 872006064128045056 278708054 Tue Jun 06 08:23:41 +0000 2017
4.577366 52.27364 872006420199337984 3375579785 Tue Jun 06 08:25:06 +0000 2017
5.03748241 52.45430758 872007222984925185 19335517 Tue Jun 06 08:28:17 +0000 2017
4.577366 52.27364 872007427130089472 3375579785 Tue Jun 06 08:29:06 +0000 2017
4.76383043 52.30861303 872007502937894912 44473513 Tue Jun 06 08:29:24 +0000 2017
5.17891 52.12136 872007510508666881 3073549588 Tue Jun 06 08:29:26 +0000 2017
4.9257607 52.3506996 872007657787412481 224671737 Tue Jun 06 08:30:01 +0000 2017
5.471422 52.518537 872007659595157504 224671737 Tue Jun 06 08:30:01 +0000 2017
4.657549 52.484567 872007664951336960 28199976 Tue Jun 06 08:30:03 +0000 2017
4.62327045 52.47325958 872007674837303299 215039549 Tue Jun 06 08:30:05 +0000 2017
4.76393985 52.30908793 872007823525392384 196337307 Tue Jun 06 08:30:40 +0000 2017
4.84325353 52.34215503 872007892102262784 71713888 Tue Jun 06 08:30:57 +0000 2017
4.88981144 52.38123398 872008109916475394 4228825841 Tue Jun 06 08:31:49 +0000 2017
4.639205 52.166744 872008430134980609 3375579785 Tue Jun 06 08:33:05 +0000 2017
4.87135205 52.37225827 872008557155233793 15588419 Tue Jun 06 08:33:35 +0000 2017
5.27818418 52.39236183 872008672255381504 54178635 Tue Jun 06 08:34:03 +0000 2017
4.76194429 52.30944443 872009209533091840 278708054 Tue Jun 06 08:36:11 +0000 2017
4.924312 52.361689 872009368497254400 824622530329772033 Tue Jun 06 08:36:49 +0000 2017
4.639205 52.166744 872009479990251521 3375579785 Tue Jun 06 08:37:15 +0000 2017
4.8922 52.3731 872009604288458752 44695518 Tue Jun 06 08:37:45 +0000 2017
4.8922 52.3731 872009784672825344 20792760 Tue Jun 06 08:38:28 +0000 2017
4.8922 52.3731 872009906395783171 76611868 Tue Jun 06 08:38:57 +0000 2017
4.82657 52.37392 872009979850629122 2566998819 Tue Jun 06 08:39:15 +0000 2017
4.76383043 52.30861303 872010107353280516 297330952 Tue Jun 06 08:39:45 +0000 2017
4.8922 52.3731 872010116614295552 620229059 Tue Jun 06 08:39:47 +0000 2017
4.81829257 52.47322224 872010126504361984 100395504 Tue Jun 06 08:39:49 +0000 2017
4.9404865 52.36686168 872010934537134080 600677100 Tue Jun 06 08:43:02 +0000 2017
4.9032033 52.3523339 872010965730164736 28621094 Tue Jun 06 08:43:10 +0000 2017
4.8291992 52.4420399 872011033161998337 19140633 Tue Jun 06 08:43:26 +0000 2017
4.88406 52.36781 872011160740134914 1102461583 Tue Jun 06 08:43:56 +0000 2017
4.8922 52.3731 872011366458159105 623136074 Tue Jun 06 08:44:45 +0000 2017
4.76731 52.50027 872011974367948800 139484187 Tue Jun 06 08:47:10 +0000 2017
4.639205 52.166744 872012521590456321 3375579785 Tue Jun 06 08:49:21 +0000 2017
4.657549 52.484567 872012698141241344 28199976 Tue Jun 06 08:50:03 +0000 2017
4.8922 52.3731 872013204649594880 468636853 Tue Jun 06 08:52:03 +0000 2017
4.92602507 52.35938407 872013407565885441 7305132 Tue Jun 06 08:52:52 +0000 2017
4.76731 52.50027 872013494383726592 139484187 Tue Jun 06 08:53:12 +0000 2017
4.639205 52.166744 872013607843880961 3375579785 Tue Jun 06 08:53:39 +0000 2017
4.76194429 52.30944443 872013613774626817 278708054 Tue Jun 06 08:53:41 +0000 2017
4.89412 52.37474 872013817894453248 54249791 Tue Jun 06 08:54:30 +0000 2017
4.8951679 52.3702157 872014299211943937 600677100 Tue Jun 06 08:56:24 +0000 2017
4.76383043 52.30861303 872014315888496645 272976762 Tue Jun 06 08:56:28 +0000 2017
4.8737706 52.3406451 872015137326088192 2902735037 Tue Jun 06 08:59:44 +0000 2017
4.8902779 52.3372231 872015211481501697 380793816 Tue Jun 06 09:00:02 +0000 2017
4.8291992 52.4420399 872015218402054144 224671737 Tue Jun 06 09:00:03 +0000 2017
4.639205 52.166744 872015605108535296 3375579785 Tue Jun 06 09:01:36 +0000 2017
4.76383043 52.30861303 872015820267847680 214678007 Tue Jun 06 09:02:27 +0000 2017
4.89301009 52.33113008 872016026535206912 18473742 Tue Jun 06 09:03:16 +0000 2017
4.813427 52.471471 872016369063256064 3375579785 Tue Jun 06 09:04:38 +0000 2017
4.639205 52.166744 872016684365881345 3375579785 Tue Jun 06 09:05:53 +0000 2017
4.8922 52.3731 872016703043121152 139370939 Tue Jun 06 09:05:57 +0000 2017
4.813427 52.471471 872017251536384000 3375579785 Tue Jun 06 09:08:08 +0000 2017
4.89301009 52.33113008 872017341168496642 18473742 Tue Jun 06 09:08:30 +0000 2017
4.88562155 52.3362044 872017540419129346 1954131260 Tue Jun 06 09:09:17 +0000 2017
4.89948173 52.37879244 872017560639811584 84970690 Tue Jun 06 09:09:22 +0000 2017
4.90388 52.37465 872017626586861568 84970690 Tue Jun 06 09:09:38 +0000 2017
4.657549 52.484567 872017731243126784 28199976 Tue Jun 06 09:10:03 +0000 2017
4.98635456 52.31594611 872017857965690880 20840204 Tue Jun 06 09:10:33 +0000 2017
4.8291992 52.4420399 872017874382094336 19140633 Tue Jun 06 09:10:37 +0000 2017
4.8922 52.3731 872018097569509376 69141640 Tue Jun 06 09:11:30 +0000 2017
4.76383043 52.30861303 872018625166798848 107999937 Tue Jun 06 09:13:36 +0000 2017
4.76194429 52.30944443 872018647686025217 278708054 Tue Jun 06 09:13:41 +0000 2017
4.8922 52.3731 872019377083658240 624877310 Tue Jun 06 09:16:35 +0000 2017
4.8922 52.3731 872019471023693824 21403327 Tue Jun 06 09:16:57 +0000 2017
4.88132 52.35793 872019594071994370 216979460 Tue Jun 06 09:17:27 +0000 2017
4.89301009 52.33113008 872019923463262208 716679234 Tue Jun 06 09:18:45 +0000 2017
4.577366 52.27364 872020061212606464 3375579785 Tue Jun 06 09:19:18 +0000 2017
4.639205 52.166744 872020062428856320 3375579785 Tue Jun 06 09:19:18 +0000 2017
5.20481 52.0946 872020127235100672 704264353940414464 Tue Jun 06 09:19:34 +0000 2017
4.76393985 52.30908793 872020460271284224 24583245 Tue Jun 06 09:20:53 +0000 2017
4.8922 52.3731 872020554353692673 2823181520 Tue Jun 06 09:21:16 +0000 2017
4.8922 52.3731 872020621986856960 109026085 Tue Jun 06 09:21:32 +0000 2017
4.577366 52.27364 872020909955198976 3375579785 Tue Jun 06 09:22:40 +0000 2017
4.59228637 52.25509186 872021331151171584 2449109050 Tue Jun 06 09:24:21 +0000 2017
4.90288 52.38421 872021365850873857 126393996 Tue Jun 06 09:24:29 +0000 2017
4.90043 52.3676 872021464735764480 702177824 Tue Jun 06 09:24:53 +0000 2017
4.89439206 52.37367648 872021723423666176 222836913 Tue Jun 06 09:25:54 +0000 2017
4.813427 52.471471 872021922565042176 3375579785 Tue Jun 06 09:26:42 +0000 2017
4.636151 52.232075 872022483259543553 19140633 Tue Jun 06 09:28:56 +0000 2017
4.9024005 52.3841865 872022512615514113 3598644755 Tue Jun 06 09:29:03 +0000 2017
4.5930851 52.2287565 872022760083607552 224671737 Tue Jun 06 09:30:02 +0000 2017
4.657549 52.484567 872022764382814208 28199976 Tue Jun 06 09:30:03 +0000 2017
4.840319 52.4391893 872022764177195008 224671737 Tue Jun 06 09:30:03 +0000 2017
4.813427 52.471471 872022840698167296 3375579785 Tue Jun 06 09:30:21 +0000 2017
4.89699 52.3658 872023189592969216 458229865 Tue Jun 06 09:31:44 +0000 2017
4.87998266 52.3745291 872023217921282048 507248303 Tue Jun 06 09:31:51 +0000 2017
4.9446419 52.3108288 872023546737963008 16021466 Tue Jun 06 09:33:09 +0000 2017
4.86667 52.3 872023662081298432 55369805 Tue Jun 06 09:33:37 +0000 2017
5.01771463 52.35444925 872023815034896385 24205649 Tue Jun 06 09:34:13 +0000 2017
4.8922 52.3731 872024451734536192 971377304 Tue Jun 06 09:36:45 +0000 2017
4.9425983 52.3068637 872024551516983297 16021466 Tue Jun 06 09:37:09 +0000 2017
4.88506 52.37004 872024574904369154 20675419 Tue Jun 06 09:37:14 +0000 2017
4.8922 52.3731 872024756601724928 971377304 Tue Jun 06 09:37:58 +0000 2017
4.8922 52.3731 872025061431160832 971377304 Tue Jun 06 09:39:10 +0000 2017
4.8922 52.3731 872025118091993088 82684527 Tue Jun 06 09:39:24 +0000 2017
4.813427 52.471471 872025240825544704 3375579785 Tue Jun 06 09:39:53 +0000 2017
4.88722086 52.39020274 872025588122386432 321281217 Tue Jun 06 09:41:16 +0000 2017
4.8980049 52.35773492 872025898127679488 1102461583 Tue Jun 06 09:42:30 +0000 2017
4.8980049 52.35773492 872026292232781824 1102461583 Tue Jun 06 09:44:04 +0000 2017
4.9121242 52.4154769 872026862360428544 19140633 Tue Jun 06 09:46:20 +0000 2017
5.2119156 52.3700112 872027028274499585 116787082 Tue Jun 06 09:46:59 +0000 2017
4.657549 52.484567 872027797895688192 28199976 Tue Jun 06 09:50:03 +0000 2017
4.89326 52.36399 872028049629487104 97897422 Tue Jun 06 09:51:03 +0000 2017
4.6363455 52.335503 872028554732740609 1654774310 Tue Jun 06 09:53:03 +0000 2017
4.90608684 52.36497669 872028806109855745 21676982 Tue Jun 06 09:54:03 +0000 2017
4.89510655 52.37489507 872028875018170371 222836913 Tue Jun 06 09:54:19 +0000 2017
4.9444949 52.3108766 872028990948749312 16021466 Tue Jun 06 09:54:47 +0000 2017
4.813427 52.471471 872029247526891521 3375579785 Tue Jun 06 09:55:48 +0000 2017
4.966624 52.378193 872029252870451200 3375579785 Tue Jun 06 09:55:50 +0000 2017
4.639205 52.166744 872029386664546304 3375579785 Tue Jun 06 09:56:21 +0000 2017
4.813427 52.471471 872029547771944960 3375579785 Tue Jun 06 09:57:00 +0000 2017
4.590456 52.4575958 872029575139799040 19140633 Tue Jun 06 09:57:06 +0000 2017
4.88104914 52.35822653 872029843017388034 171917769 Tue Jun 06 09:58:10 +0000 2017
4.5906557 52.4576032 872030308627075072 224671737 Tue Jun 06 10:00:01 +0000 2017
4.9188939 52.4074261 872030312838115329 224671737 Tue Jun 06 10:00:02 +0000 2017
4.813427 52.471471 872030484473294848 3375579785 Tue Jun 06 10:00:43 +0000 2017
4.76393985 52.30908793 872030939634966528 2407297043 Tue Jun 06 10:02:32 +0000 2017
4.87206533 52.33787591 872031031993532416 19141015 Tue Jun 06 10:02:54 +0000 2017
4.562611 52.160904 872031156354654211 3375579785 Tue Jun 06 10:03:23 +0000 2017
4.562611 52.160904 872032279740198916 3375579785 Tue Jun 06 10:07:51 +0000 2017
4.96667 52.3167 872032745589002240 13651282 Tue Jun 06 10:09:42 +0000 2017
4.657549 52.484567 872032830607458305 28199976 Tue Jun 06 10:10:03 +0000 2017
4.94165386 52.37007221 872033320066064384 1123196786 Tue Jun 06 10:11:59 +0000 2017
4.639205 52.166744 872033535485411330 3375579785 Tue Jun 06 10:12:51 +0000 2017
4.8951679 52.3702157 872034109148758016 600677100 Tue Jun 06 10:15:07 +0000 2017
4.639205 52.166744 872034894532292609 3375579785 Tue Jun 06 10:18:15 +0000 2017
4.577366 52.27364 872035171096244224 3375579785 Tue Jun 06 10:19:21 +0000 2017
4.577366 52.27364 872035998301118464 3375579785 Tue Jun 06 10:22:38 +0000 2017
4.90118 52.37807 872036989100580864 1102461583 Tue Jun 06 10:26:34 +0000 2017
4.8922 52.3731 872037640148799488 3650440275 Tue Jun 06 10:29:09 +0000 2017
4.657549 52.484567 872037864221147136 28199976 Tue Jun 06 10:30:03 +0000 2017
4.76393985 52.30908793 872038224931237888 254065682 Tue Jun 06 10:31:29 +0000 2017
4.8922 52.3731 872038526296182785 69449536 Tue Jun 06 10:32:41 +0000 2017
4.76393985 52.30908793 872038962495447040 187491463 Tue Jun 06 10:34:25 +0000 2017
4.76046126 52.40355747 872039004606275585 25479628 Tue Jun 06 10:34:35 +0000 2017
4.94201341 52.31381897 872039304368984064 247239087 Tue Jun 06 10:35:46 +0000 2017
4.86428261 52.41477559 872039329870344192 25479628 Tue Jun 06 10:35:52 +0000 2017
4.85641 52.36436 872039398300364804 317043944 Tue Jun 06 10:36:08 +0000 2017
4.81918285 52.47337076 872040082773086208 100395504 Tue Jun 06 10:38:52 +0000 2017
4.8823299 52.35861 872040128310648833 2283107719 Tue Jun 06 10:39:02 +0000 2017
4.69088653 52.3023846 872040176352145409 126396393 Tue Jun 06 10:39:14 +0000 2017
4.89344369 52.37296542 872040571317227520 383435187 Tue Jun 06 10:40:48 +0000 2017
4.639205 52.166744 872040622294790144 3375579785 Tue Jun 06 10:41:00 +0000 2017
4.97414589 52.374394 872040827228475392 25479628 Tue Jun 06 10:41:49 +0000 2017
4.88571401 52.3603883 872041600620351489 17016532 Tue Jun 06 10:44:53 +0000 2017
4.9176437 52.34838033 872041629485608960 819522 Tue Jun 06 10:45:00 +0000 2017
4.8951679 52.3702157 872041664214323201 32282093 Tue Jun 06 10:45:09 +0000 2017
4.90118 52.37807 872041681469812737 1102461583 Tue Jun 06 10:45:13 +0000 2017
4.639205 52.166744 872041714139242497 3375579785 Tue Jun 06 10:45:21 +0000 2017
4.82657 52.37392 872041798226542593 2566998819 Tue Jun 06 10:45:41 +0000 2017
4.9024005 52.3841865 872041894263615488 3598644755 Tue Jun 06 10:46:04 +0000 2017
4.86595947 52.37071467 872041965252206592 180186608 Tue Jun 06 10:46:20 +0000 2017
4.931043 52.325874 872042162724196352 72354705 Tue Jun 06 10:47:08 +0000 2017
4.8951679 52.3702157 872042325282836480 600677100 Tue Jun 06 10:47:46 +0000 2017
4.89210248 52.40074639 872042354257133570 24205649 Tue Jun 06 10:47:53 +0000 2017
4.8902779 52.3372231 872042386683252737 380793816 Tue Jun 06 10:48:01 +0000 2017
4.930717 52.328861 872042424754987009 72354705 Tue Jun 06 10:48:10 +0000 2017
4.657549 52.484567 872042896878383105 28199976 Tue Jun 06 10:50:03 +0000 2017
4.89301009 52.33113008 872042974510755840 716679234 Tue Jun 06 10:50:21 +0000 2017
4.89953144 52.36153487 872043140634615808 825092820004433921 Tue Jun 06 10:51:01 +0000 2017
4.813427 52.471471 872044197032972288 3375579785 Tue Jun 06 10:55:13 +0000 2017
4.8922 52.3731 872044378356936704 251528630 Tue Jun 06 10:55:56 +0000 2017
4.76393985 52.30908793 872044689746149376 154533395 Tue Jun 06 10:57:10 +0000 2017
4.91451679 52.3493951 872044722977746944 72354705 Tue Jun 06 10:57:18 +0000 2017
4.8823299 52.35861 872044884592558080 31079079 Tue Jun 06 10:57:56 +0000 2017
4.72404 52.2888 872044911410982912 2501917037 Tue Jun 06 10:58:03 +0000 2017
4.87506794 52.33754496 872044962023694336 63673987 Tue Jun 06 10:58:15 +0000 2017
4.813427 52.471471 872045222053675008 3375579785 Tue Jun 06 10:59:17 +0000 2017
4.8902779 52.3372231 872045408649969665 380793816 Tue Jun 06 11:00:01 +0000 2017
4.966624 52.378193 872045611515826176 3375579785 Tue Jun 06 11:00:50 +0000 2017
4.8922 52.3731 872045700367962112 593999182 Tue Jun 06 11:01:11 +0000 2017
4.81918285 52.47337076 872046075720470528 100395504 Tue Jun 06 11:02:40 +0000 2017
4.81918285 52.47337076 872046297121001472 711611728107347972 Tue Jun 06 11:03:33 +0000 2017
4.88816122 52.36696527 872046347024728066 58041135 Tue Jun 06 11:03:45 +0000 2017
4.966624 52.378193 872046500175654913 3375579785 Tue Jun 06 11:04:22 +0000 2017
4.6182 52.45861 872046830581948417 596518597 Tue Jun 06 11:05:40 +0000 2017
4.9404865 52.36686168 872047017228414978 600677100 Tue Jun 06 11:06:25 +0000 2017
4.76667 52.2667 872047740401754112 714101532 Tue Jun 06 11:09:17 +0000 2017
4.657549 52.484567 872047930516979712 28199976 Tue Jun 06 11:10:03 +0000 2017
4.8841 52.3878 872047931746111488 702290904460169216 Tue Jun 06 11:10:03 +0000 2017
5.2952 52.39213111 872047973676482561 100033973 Tue Jun 06 11:10:13 +0000 2017
4.813427 52.471471 872048299032940544 3375579785 Tue Jun 06 11:11:31 +0000 2017
4.7638541 52.31078552 872048410546892800 971864388 Tue Jun 06 11:11:57 +0000 2017
4.90118 52.37807 872048423784022016 1102461583 Tue Jun 06 11:12:00 +0000 2017
4.87185914 52.39851003 872048505166209028 180186608 Tue Jun 06 11:12:20 +0000 2017
4.577366 52.27364 872048983694290946 3375579785 Tue Jun 06 11:14:14 +0000 2017
5.20205395 52.12784325 872049174866518017 929101 Tue Jun 06 11:14:59 +0000 2017
4.813427 52.471471 872049208127344640 3375579785 Tue Jun 06 11:15:07 +0000 2017
4.89171255 52.35796006 872049732104757248 534632142 Tue Jun 06 11:17:12 +0000 2017
4.88497699 52.36001907 872050050972737536 21491420 Tue Jun 06 11:18:28 +0000 2017
4.577366 52.27364 872050242245578752 3375579785 Tue Jun 06 11:19:14 +0000 2017
4.88497699 52.36001907 872050273425993728 17016532 Tue Jun 06 11:19:21 +0000 2017
4.93652 52.31851 872050638309515264 221811585 Tue Jun 06 11:20:48 +0000 2017
4.639205 52.166744 872050649122430978 3375579785 Tue Jun 06 11:20:51 +0000 2017
4.88999987 52.36999893 872050685365432321 3132259671 Tue Jun 06 11:20:59 +0000 2017
4.88999987 52.36999893 872050687907172353 3146790737 Tue Jun 06 11:21:00 +0000 2017
4.90037441 52.37878225 872050718513004544 3205842483 Tue Jun 06 11:21:07 +0000 2017
4.8900792 52.3563515 872050770627219456 29851800 Tue Jun 06 11:21:20 +0000 2017
4.966624 52.378193 872050820078071808 3375579785 Tue Jun 06 11:21:32 +0000 2017
4.84659 52.31096 872051061359554560 1568082127 Tue Jun 06 11:22:29 +0000 2017
4.813427 52.471471 872051335188946944 3375579785 Tue Jun 06 11:23:34 +0000 2017
4.639205 52.166744 872051656879374336 3375579785 Tue Jun 06 11:24:51 +0000 2017
4.966624 52.378193 872051768821153792 3375579785 Tue Jun 06 11:25:18 +0000 2017
4.89301009 52.33113008 872052213773979649 42198580 Tue Jun 06 11:27:04 +0000 2017
4.8922 52.3731 872052286737887232 414343140 Tue Jun 06 11:27:21 +0000 2017
4.813427 52.471471 872052326944706561 3375579785 Tue Jun 06 11:27:31 +0000 2017
4.88261586 52.35893257 872052668675616769 70066349 Tue Jun 06 11:28:52 +0000 2017
4.657549 52.484567 872052964629893120 28199976 Tue Jun 06 11:30:03 +0000 2017
4.8922 52.3731 872053452754620416 27999935 Tue Jun 06 11:31:59 +0000 2017
4.96041934 52.35463807 872053808326746112 21105585 Tue Jun 06 11:33:24 +0000 2017
4.70150471 52.29173506 872053946772324352 137271696 Tue Jun 06 11:33:57 +0000 2017
4.76194429 52.30944443 872054515083726848 278708054 Tue Jun 06 11:36:13 +0000 2017
4.869952 52.370924 872054676862238721 2937176327 Tue Jun 06 11:36:51 +0000 2017
4.86579 52.370048 872054732692389888 19140633 Tue Jun 06 11:37:04 +0000 2017
4.883794 52.358988 872055125250068481 58041135 Tue Jun 06 11:38:38 +0000 2017
4.8922 52.3731 872055299191996416 56869766 Tue Jun 06 11:39:19 +0000 2017
4.966624 52.378193 872055995488448513 3375579785 Tue Jun 06 11:42:05 +0000 2017
4.89270682 52.37280451 872056230524534785 90477877 Tue Jun 06 11:43:02 +0000 2017
4.813427 52.471471 872056420979572740 3375579785 Tue Jun 06 11:43:47 +0000 2017
4.90608684 52.36497669 872056473043562496 867289293420732418 Tue Jun 06 11:43:59 +0000 2017
4.966624 52.378193 872056942021234688 3375579785 Tue Jun 06 11:45:51 +0000 2017
4.8922 52.3731 872057399825252352 84389632 Tue Jun 06 11:47:40 +0000 2017
4.8922 52.3731 872057443920084997 700724226068717569 Tue Jun 06 11:47:51 +0000 2017
4.88472222 52.36666667 872057511360294912 429674109 Tue Jun 06 11:48:07 +0000 2017
4.8922 52.3731 872057607632146432 232995077 Tue Jun 06 11:48:30 +0000 2017
4.8922 52.3731 872057694697467905 192156191 Tue Jun 06 11:48:51 +0000 2017
4.813427 52.471471 872057822246318081 3375579785 Tue Jun 06 11:49:21 +0000 2017
4.657549 52.484567 872057996708368384 28199976 Tue Jun 06 11:50:03 +0000 2017
4.9404865 52.36686168 872058056884047874 600677100 Tue Jun 06 11:50:17 +0000 2017
5.03737398 52.45431319 872059045678637056 19335517 Tue Jun 06 11:54:13 +0000 2017
5.03741512 52.45430454 872059430204059651 19335517 Tue Jun 06 11:55:44 +0000 2017
4.898014 52.373503 872059842332024833 56670644 Tue Jun 06 11:57:23 +0000 2017
4.8922 52.3731 872059908761452544 528571015 Tue Jun 06 11:57:38 +0000 2017
4.76393985 52.30908793 872060242468712449 2539454760 Tue Jun 06 11:58:58 +0000 2017
4.8981812 52.3592419 872060421481648128 167528610 Tue Jun 06 11:59:41 +0000 2017
4.8697551 52.3708181 872060510937780224 224671737 Tue Jun 06 12:00:02 +0000 2017
4.80548 52.35548 872060517392814082 19116083 Tue Jun 06 12:00:04 +0000 2017
4.887221 52.365531 872060628697010176 528571015 Tue Jun 06 12:00:30 +0000 2017
4.8777408 52.363694 872060987121086464 75454009 Tue Jun 06 12:01:56 +0000 2017
4.89355087 52.39893638 872061267539886080 3598644755 Tue Jun 06 12:03:02 +0000 2017
4.892773 52.36588 872061414839652352 71528370 Tue Jun 06 12:03:38 +0000 2017
4.88498429 52.36306133 872061678908780544 971864388 Tue Jun 06 12:04:41 +0000 2017
4.8922 52.3731 872061848484544512 102327234 Tue Jun 06 12:05:21 +0000 2017
4.89985409 52.37249014 872062298315214848 572609962 Tue Jun 06 12:07:08 +0000 2017
4.657549 52.484567 872063026253496322 28199976 Tue Jun 06 12:10:02 +0000 2017
4.85641 52.36436 872063127579484160 317043944 Tue Jun 06 12:10:26 +0000 2017
4.8922 52.3731 872064579479760898 2835722690 Tue Jun 06 12:16:12 +0000 2017
4.89480615 52.3665563 872065988178718723 19141015 Tue Jun 06 12:21:48 +0000 2017
4.639205 52.166744 872066183461253121 3375579785 Tue Jun 06 12:22:35 +0000 2017
5.2 52.1333 872066344958689280 929101 Tue Jun 06 12:23:13 +0000 2017
4.89803671 52.37306147 872066784039403521 263704973 Tue Jun 06 12:24:58 +0000 2017
4.8922 52.3731 872066855451582466 389233582 Tue Jun 06 12:25:15 +0000 2017
4.70423 52.29258 872066870509277184 1898229444 Tue Jun 06 12:25:18 +0000 2017
4.8922 52.3731 872066936133300224 572609962 Tue Jun 06 12:25:34 +0000 2017
4.813427 52.471471 872066963098533891 3375579785 Tue Jun 06 12:25:40 +0000 2017
4.639205 52.166744 872067080308260866 3375579785 Tue Jun 06 12:26:08 +0000 2017
4.76393985 52.30908793 872067159098355714 42641124 Tue Jun 06 12:26:27 +0000 2017
5.151035 52.33371 872067566897954817 19140633 Tue Jun 06 12:28:04 +0000 2017
4.89089 52.37365 872067881508458497 789773479 Tue Jun 06 12:29:19 +0000 2017
4.813427 52.471471 872067886038351872 3375579785 Tue Jun 06 12:29:20 +0000 2017
5.1629901 52.3418652 872068054804553728 224671737 Tue Jun 06 12:30:01 +0000 2017
4.657549 52.484567 872068060039053313 28199976 Tue Jun 06 12:30:02 +0000 2017
5.21887064 52.33510306 872068736852914176 45211404 Tue Jun 06 12:32:43 +0000 2017
5.17916667 52.10333333 872068820013166592 42056702 Tue Jun 06 12:33:03 +0000 2017
4.89990234 52.51454944 872069583435210753 186899860 Tue Jun 06 12:36:05 +0000 2017
4.89990234 52.51454944 872069585024892928 186899860 Tue Jun 06 12:36:05 +0000 2017
4.89990234 52.51454944 872069586413264899 186899860 Tue Jun 06 12:36:06 +0000 2017
4.89990234 52.51454944 872069587788939265 186899860 Tue Jun 06 12:36:06 +0000 2017
4.8817165 52.3770093 872069854370578432 21560529 Tue Jun 06 12:37:10 +0000 2017
4.8922 52.3731 872070295825375232 28536168 Tue Jun 06 12:38:55 +0000 2017
4.88571401 52.3603883 872070366717280256 37102643 Tue Jun 06 12:39:12 +0000 2017
4.86830543 52.36702898 872070382492241920 362367051 Tue Jun 06 12:39:16 +0000 2017
5.20205395 52.12784325 872070497810472961 929101 Tue Jun 06 12:39:43 +0000 2017
4.88554 52.336516 872070682385035264 14278964 Tue Jun 06 12:40:27 +0000 2017
5.2647016 52.3507849 872071028221935617 72303340 Tue Jun 06 12:41:50 +0000 2017
4.8785299 52.35861 872071226633605120 27844673 Tue Jun 06 12:42:37 +0000 2017
4.8922 52.3731 872071402819641346 172647656 Tue Jun 06 12:43:19 +0000 2017
4.87773009 52.37273145 872071426156748801 14264091 Tue Jun 06 12:43:24 +0000 2017
4.88296295 52.36223662 872072168418537475 58041135 Tue Jun 06 12:46:21 +0000 2017
4.8915 52.35787 872072781747367936 795819998 Tue Jun 06 12:48:48 +0000 2017
4.886111 52.379167 872072943957929984 3124393088 Tue Jun 06 12:49:26 +0000 2017
4.657549 52.484567 872073096144060416 28199976 Tue Jun 06 12:50:03 +0000 2017
4.8922 52.3731 872073159624806400 457500646 Tue Jun 06 12:50:18 +0000 2017
5.30541043 52.40061521 872073337647837184 26070132 Tue Jun 06 12:51:00 +0000 2017
4.89171255 52.35796006 872073345889587200 1012504632 Tue Jun 06 12:51:02 +0000 2017
4.8922 52.3731 872073375388250112 220758657 Tue Jun 06 12:51:09 +0000 2017
4.88991 52.34123 872074017234075648 405564370 Tue Jun 06 12:53:42 +0000 2017
4.94589093 52.3766058 872074438212292608 4270301 Tue Jun 06 12:55:23 +0000 2017
4.813427 52.471471 872074564368572416 3375579785 Tue Jun 06 12:55:53 +0000 2017
4.639205 52.166744 872074570815221767 3375579785 Tue Jun 06 12:55:54 +0000 2017
4.813427 52.471471 872075361907027969 3375579785 Tue Jun 06 12:59:03 +0000 2017
4.84455815 52.35761597 872075746696712195 3205842483 Tue Jun 06 13:00:35 +0000 2017
4.966624 52.378193 872075911092469761 3375579785 Tue Jun 06 13:01:14 +0000 2017
4.98196 52.51729 872076060912828416 919422606 Tue Jun 06 13:01:49 +0000 2017
5.229575 52.372995 872076290026819584 19140633 Tue Jun 06 13:02:44 +0000 2017
4.8922 52.3731 872076408822136833 40456227 Tue Jun 06 13:03:12 +0000 2017
4.8922 52.3731 872076524106600448 25175111 Tue Jun 06 13:03:40 +0000 2017
4.72539 52.28743 872076570315370499 19140633 Tue Jun 06 13:03:51 +0000 2017
4.966624 52.378193 872076894254112773 3375579785 Tue Jun 06 13:05:08 +0000 2017
4.8922 52.3731 872076896795738113 95733353 Tue Jun 06 13:05:09 +0000 2017
4.91546438 52.36661621 872076981432492032 25175111 Tue Jun 06 13:05:29 +0000 2017
4.88969 52.37403 872077129609080832 168489388 Tue Jun 06 13:06:04 +0000 2017
4.94201341 52.31381897 872077356957147136 429557198 Tue Jun 06 13:06:58 +0000 2017
4.89344369 52.37296542 872077716807462913 14605338 Tue Jun 06 13:08:24 +0000 2017
4.76194429 52.30944443 872077789498941440 278708054 Tue Jun 06 13:08:42 +0000 2017
4.88142272 52.36478095 872077815944007680 191095578 Tue Jun 06 13:08:48 +0000 2017
4.8922 52.3731 872077903311192064 95733353 Tue Jun 06 13:09:09 +0000 2017
4.657549 52.484567 872078130315485185 28199976 Tue Jun 06 13:10:03 +0000 2017
4.8922 52.3731 872078358888230912 96120391 Tue Jun 06 13:10:57 +0000 2017
4.89948173 52.37879244 872078801987133440 110730378 Tue Jun 06 13:12:43 +0000 2017
4.898163 52.494773 872079167717814272 19140633 Tue Jun 06 13:14:10 +0000 2017
4.89344369 52.37296542 872079235770462208 110730378 Tue Jun 06 13:14:26 +0000 2017
4.88332629 52.37310037 872079446135713792 13585232 Tue Jun 06 13:15:17 +0000 2017
4.74791 52.3039 872079525793980417 89148675 Tue Jun 06 13:15:36 +0000 2017
4.8951679 52.3702157 872079895995621376 32282093 Tue Jun 06 13:17:04 +0000 2017
4.88113715 52.35793091 872080336670396416 70066349 Tue Jun 06 13:18:49 +0000 2017
4.73299 52.31913 872080430333390850 704264353940414464 Tue Jun 06 13:19:11 +0000 2017
4.8922 52.3731 872080436868022272 916789309 Tue Jun 06 13:19:13 +0000 2017
4.88142272 52.36478095 872080645614338048 3598644755 Tue Jun 06 13:20:03 +0000 2017
4.92972784 52.35142403 872080864804470784 7305132 Tue Jun 06 13:20:55 +0000 2017
4.8968319 52.37323987 872080954747219968 876630265 Tue Jun 06 13:21:16 +0000 2017
4.8922 52.3731 872080964192698368 96120391 Tue Jun 06 13:21:19 +0000 2017
4.8922 52.3731 872081075111178240 30805894 Tue Jun 06 13:21:45 +0000 2017
4.8710384 52.3712921 872081489751572480 14605338 Tue Jun 06 13:23:24 +0000 2017
4.88382151 52.36223099 872081548811657221 106538533 Tue Jun 06 13:23:38 +0000 2017
4.6907041 52.3060853 872083078415433729 32736739 Tue Jun 06 13:29:43 +0000 2017
4.8550905 52.3970623 872083157956390914 224671737 Tue Jun 06 13:30:02 +0000 2017
4.657549 52.484567 872083162347827201 28199976 Tue Jun 06 13:30:03 +0000 2017
4.8651812 52.4821878 872083162918211587 224671737 Tue Jun 06 13:30:03 +0000 2017
4.7251324 52.2872329 872083164235280384 224671737 Tue Jun 06 13:30:03 +0000 2017
5.2292586 52.3733256 872083166013644803 224671737 Tue Jun 06 13:30:03 +0000 2017
4.639205 52.166744 872083553512816641 3375579785 Tue Jun 06 13:31:36 +0000 2017
4.89347 52.36645 872083627907198976 70801842 Tue Jun 06 13:31:54 +0000 2017
4.89301009 52.33113008 872083786695147520 1110350227 Tue Jun 06 13:32:31 +0000 2017
4.88382151 52.36223099 872083873106145281 106538533 Tue Jun 06 13:32:52 +0000 2017
4.813427 52.471471 872083908292202496 3375579785 Tue Jun 06 13:33:00 +0000 2017
4.639205 52.166744 872084694476746756 3375579785 Tue Jun 06 13:36:08 +0000 2017
4.8922 52.3731 872084695101698048 99917126 Tue Jun 06 13:36:08 +0000 2017
4.813427 52.471471 872084845358395392 3375579785 Tue Jun 06 13:36:44 +0000 2017
4.89990234 52.51454944 872085441792532481 186899860 Tue Jun 06 13:39:06 +0000 2017
4.89990234 52.51454944 872085443138830337 186899860 Tue Jun 06 13:39:06 +0000 2017
4.89990234 52.51454944 872085444757815298 186899860 Tue Jun 06 13:39:07 +0000 2017
4.89990234 52.51454944 872085446318186496 186899860 Tue Jun 06 13:39:07 +0000 2017
4.76393985 52.30908793 872085453234634752 305893746 Tue Jun 06 13:39:09 +0000 2017
5.21182262 52.36785601 872085870098227201 41174230 Tue Jun 06 13:40:48 +0000 2017
4.8922 52.3731 872086013069348866 402188835 Tue Jun 06 13:41:22 +0000 2017
4.6942886 52.3046758 872086493417877504 4074487936 Tue Jun 06 13:43:17 +0000 2017
4.89948173 52.37879244 872086574703554561 528571015 Tue Jun 06 13:43:36 +0000 2017
4.88497699 52.36001907 872086605036752896 223514206 Tue Jun 06 13:43:43 +0000 2017
4.96644627 52.45344248 872086859211558914 19335517 Tue Jun 06 13:44:44 +0000 2017
4.8645 52.36706 872086888844324864 351585641 Tue Jun 06 13:44:51 +0000 2017
4.88935 52.38199 872086949997293569 4773687261 Tue Jun 06 13:45:06 +0000 2017
4.8922 52.3731 872087170869207040 196265787 Tue Jun 06 13:45:58 +0000 2017
4.639205 52.166744 872087789164273667 3375579785 Tue Jun 06 13:48:26 +0000 2017
4.76383043 52.30861303 872088069712773120 46630670 Tue Jun 06 13:49:33 +0000 2017
4.657549 52.484567 872088192224301056 28199976 Tue Jun 06 13:50:02 +0000 2017
4.562611 52.160904 872088584467218432 3375579785 Tue Jun 06 13:51:35 +0000 2017
4.9167 52.35 872088838335733760 550261599 Tue Jun 06 13:52:36 +0000 2017
4.639205 52.166744 872089154221469696 3375579785 Tue Jun 06 13:53:51 +0000 2017
4.85287 52.3375 872089276221206529 704264353940414464 Tue Jun 06 13:54:20 +0000 2017
4.562611 52.160904 872089373210292224 3375579785 Tue Jun 06 13:54:43 +0000 2017
4.8922 52.3731 872089388880187392 223514206 Tue Jun 06 13:54:47 +0000 2017
4.89200592 52.3738176 872089568425775105 132086162 Tue Jun 06 13:55:30 +0000 2017
4.8922 52.3731 872089735682039808 1201954807 Tue Jun 06 13:56:10 +0000 2017
4.91265163 52.37727004 872089819362603008 99917126 Tue Jun 06 13:56:30 +0000 2017
4.76383043 52.30861303 872090230094004225 278177758 Tue Jun 06 13:58:08 +0000 2017
4.94581 52.2269 872090306157694976 537417926 Tue Jun 06 13:58:26 +0000 2017
4.89570248 52.34234234 872091159228796929 213630008 Tue Jun 06 14:01:49 +0000 2017
4.88725586 52.39398971 872091223770648576 186899860 Tue Jun 06 14:02:05 +0000 2017
4.88725586 52.39398971 872091225213419520 186899860 Tue Jun 06 14:02:05 +0000 2017
4.88725586 52.39398971 872091226631159808 186899860 Tue Jun 06 14:02:05 +0000 2017
4.88969 52.37403 872091574741684226 168489388 Tue Jun 06 14:03:28 +0000 2017
4.8727891 52.38737996 872091578973777920 84970690 Tue Jun 06 14:03:29 +0000 2017
4.89948173 52.37879244 872091748985647104 528571015 Tue Jun 06 14:04:10 +0000 2017
4.8389373 52.2404698 872091891717820416 19140633 Tue Jun 06 14:04:44 +0000 2017
4.813427 52.471471 872092293980987392 3375579785 Tue Jun 06 14:06:20 +0000 2017
4.91013948 52.34316543 872092322946744320 550822765 Tue Jun 06 14:06:27 +0000 2017
4.8735217 52.3863557 872092666745499648 21005792 Tue Jun 06 14:07:49 +0000 2017
4.86666667 52.36666667 872093098326843392 24313634 Tue Jun 06 14:09:32 +0000 2017
4.657549 52.484567 872093225271668736 28199976 Tue Jun 06 14:10:02 +0000 2017
4.813427 52.471471 872093622237360128 3375579785 Tue Jun 06 14:11:36 +0000 2017
4.80366 52.32372 872094339266203650 704264353940414464 Tue Jun 06 14:14:27 +0000 2017
4.639205 52.166744 872094937713651712 3375579785 Tue Jun 06 14:16:50 +0000 2017
4.8821998 52.3581085 872095408880832515 44668140 Tue Jun 06 14:18:42 +0000 2017
4.88969 52.37403 872095624736407553 168489388 Tue Jun 06 14:19:34 +0000 2017
4.82532 52.33885 872095701773295616 704264353940414464 Tue Jun 06 14:19:52 +0000 2017
4.91125648 52.36664335 872095840856309760 7305132 Tue Jun 06 14:20:25 +0000 2017
4.89948173 52.37879244 872095861853040641 294788649 Tue Jun 06 14:20:30 +0000 2017
4.639205 52.166744 872095886461022208 3375579785 Tue Jun 06 14:20:36 +0000 2017
4.813427 52.471471 872096452775997441 3375579785 Tue Jun 06 14:22:51 +0000 2017
4.8951679 52.3702157 872096795073163265 600677100 Tue Jun 06 14:24:13 +0000 2017
5.10666667 52.45805556 872097131057655808 313087553 Tue Jun 06 14:25:33 +0000 2017
4.813427 52.471471 872097454962995200 3375579785 Tue Jun 06 14:26:50 +0000 2017
4.8922 52.3731 872097559812214786 1486181846 Tue Jun 06 14:27:15 +0000 2017
4.8922 52.3731 872097826377003009 570986556 Tue Jun 06 14:28:19 +0000 2017
4.8389373 52.2404698 872098256876183554 224671737 Tue Jun 06 14:30:01 +0000 2017
4.657549 52.484567 872098258583252994 28199976 Tue Jun 06 14:30:02 +0000 2017
4.88104914 52.35822653 872098334500147200 171317452 Tue Jun 06 14:30:20 +0000 2017
4.949828 52.509295 872098693293510657 19140633 Tue Jun 06 14:31:45 +0000 2017
4.8922 52.3731 872098933614432257 60656577 Tue Jun 06 14:32:43 +0000 2017
4.90043 52.3676 872099295326949376 237866456 Tue Jun 06 14:34:09 +0000 2017
4.8926232 52.3873671 872100023617585152 3598644755 Tue Jun 06 14:37:03 +0000 2017
4.88197 52.35873 872100062125600770 331708025 Tue Jun 06 14:37:12 +0000 2017
4.8915 52.35787 872100253394141184 82684527 Tue Jun 06 14:37:57 +0000 2017
4.78739 52.3327 872100694517592068 704264353940414464 Tue Jun 06 14:39:43 +0000 2017
4.8915 52.35787 872101509948985344 82684527 Tue Jun 06 14:42:57 +0000 2017
4.90288 52.38421 872101643810213888 20100412 Tue Jun 06 14:43:29 +0000 2017
4.95453 52.2774 872101886056435712 704264353940414464 Tue Jun 06 14:44:27 +0000 2017
4.90044732 52.37274502 872102117561032704 76880456 Tue Jun 06 14:45:22 +0000 2017
4.88811034 52.36767548 872102775345356800 88762025 Tue Jun 06 14:47:59 +0000 2017
4.88382151 52.36223099 872103106787540993 232995077 Tue Jun 06 14:49:18 +0000 2017
4.657549 52.484567 872103294835019776 28199976 Tue Jun 06 14:50:03 +0000 2017
4.76393985 52.30908793 872103726537900033 27999935 Tue Jun 06 14:51:45 +0000 2017
4.76393985 52.30908793 872104038971695104 464967044 Tue Jun 06 14:53:00 +0000 2017
4.639205 52.166744 872104121201037312 3375579785 Tue Jun 06 14:53:20 +0000 2017
4.96657795 52.45353665 872104130269020160 19335517 Tue Jun 06 14:53:22 +0000 2017
4.887022 52.373644 872104228877201408 14605338 Tue Jun 06 14:53:45 +0000 2017
4.76515 52.30708 872104471379099649 64703702 Tue Jun 06 14:54:43 +0000 2017
5.07575283 52.49440428 872105256204750848 2344712301 Tue Jun 06 14:57:50 +0000 2017
4.639205 52.166744 872105262718603265 3375579785 Tue Jun 06 14:57:52 +0000 2017
4.98684 52.16812 872105778848702465 704264353940414464 Tue Jun 06 14:59:55 +0000 2017
4.82752 52.25439 872105797014179840 704264353940414464 Tue Jun 06 14:59:59 +0000 2017
4.9501949 52.5092153 872105819466346496 224671737 Tue Jun 06 15:00:04 +0000 2017
4.92568 52.30743 872105849358909440 704264353940414464 Tue Jun 06 15:00:12 +0000 2017
4.94087 52.29896 872105885363032065 704264353940414464 Tue Jun 06 15:00:20 +0000 2017
4.88725586 52.39398971 872106573396492293 186899860 Tue Jun 06 15:03:04 +0000 2017
4.88725586 52.39398971 872106575552315393 186899860 Tue Jun 06 15:03:05 +0000 2017
4.88725586 52.39398971 872106577464971266 186899860 Tue Jun 06 15:03:05 +0000 2017
5.16302 52.14964 872107091422478336 704264353940414464 Tue Jun 06 15:05:08 +0000 2017
4.99163146 52.35640042 872107193134436352 21403327 Tue Jun 06 15:05:32 +0000 2017
4.89326 52.36399 872107706609524737 97897422 Tue Jun 06 15:07:34 +0000 2017
4.88497699 52.36001907 872107760900591616 1420476150 Tue Jun 06 15:07:47 +0000 2017
4.657549 52.484567 872108328184422400 28199976 Tue Jun 06 15:10:03 +0000 2017
4.81918285 52.47337076 872108599526518785 86855999 Tue Jun 06 15:11:07 +0000 2017
4.90127 52.38413 872108836592766976 139370939 Tue Jun 06 15:12:04 +0000 2017
4.8922 52.3731 872109295105703936 139370939 Tue Jun 06 15:13:53 +0000 2017
4.8922 52.3731 872110224852881408 55909954 Tue Jun 06 15:17:35 +0000 2017
4.9404865 52.36686168 872110513077067785 600677100 Tue Jun 06 15:18:44 +0000 2017
4.85641 52.36436 872110637383659521 317043944 Tue Jun 06 15:19:13 +0000 2017
5.2647016 52.3507849 872110727766528000 32702915 Tue Jun 06 15:19:35 +0000 2017
4.81521 52.31289 872110758980616193 704264353940414464 Tue Jun 06 15:19:42 +0000 2017
4.93088 52.33319 872110804065296384 704264353940414464 Tue Jun 06 15:19:53 +0000 2017
4.80216 52.32474 872110936416505856 704264353940414464 Tue Jun 06 15:20:24 +0000 2017
4.68866194 52.25873013 872111105040109572 139360507 Tue Jun 06 15:21:05 +0000 2017
4.76194429 52.30944443 872111138800103424 278708054 Tue Jun 06 15:21:13 +0000 2017
4.676367 52.490905 872111351807836165 64050652 Tue Jun 06 15:22:03 +0000 2017
4.8922 52.3731 872111548159991809 362132963 Tue Jun 06 15:22:50 +0000 2017
4.88497699 52.36001907 872111599707926529 1170943200 Tue Jun 06 15:23:03 +0000 2017
4.8922 52.3731 872111771456331777 505091217 Tue Jun 06 15:23:44 +0000 2017
4.74791 52.3039 872111836170260480 713353214 Tue Jun 06 15:23:59 +0000 2017
4.88506 52.37004 872112267143376896 20675419 Tue Jun 06 15:25:42 +0000 2017
4.76194429 52.30944443 872112393500987392 278708054 Tue Jun 06 15:26:12 +0000 2017
4.8922 52.3731 872112670505304064 86963263 Tue Jun 06 15:27:18 +0000 2017
4.657549 52.484567 872113361399554048 28199976 Tue Jun 06 15:30:03 +0000 2017
4.8765654 52.3471019 872113386812837888 167528610 Tue Jun 06 15:30:09 +0000 2017
4.94201341 52.31381897 872113501128597504 926075096 Tue Jun 06 15:30:36 +0000 2017
4.896642 52.366019 872113613380648960 2691995916 Tue Jun 06 15:31:03 +0000 2017
4.639205 52.166744 872113684952297474 3375579785 Tue Jun 06 15:31:20 +0000 2017
4.854998 52.298217 872114005036470272 19140633 Tue Jun 06 15:32:36 +0000 2017
4.88203118 52.36262437 872114142139777024 93715018 Tue Jun 06 15:33:09 +0000 2017
4.90027761 52.37888718 872114282061803520 278708054 Tue Jun 06 15:33:42 +0000 2017
4.76194429 52.30944443 872114283404029953 278708054 Tue Jun 06 15:33:42 +0000 2017
4.917031 52.338549 872114336000598018 19140633 Tue Jun 06 15:33:55 +0000 2017
4.9404865 52.36686168 872114466351181824 600677100 Tue Jun 06 15:34:26 +0000 2017
5.03992 52.11511 872114817557024768 704264353940414464 Tue Jun 06 15:35:50 +0000 2017
4.639205 52.166744 872114832878731264 3375579785 Tue Jun 06 15:35:53 +0000 2017
4.97756 52.31004 872114993805893634 704264353940414464 Tue Jun 06 15:36:32 +0000 2017
4.7912 52.25667 872115018388484096 28752969 Tue Jun 06 15:36:38 +0000 2017
5.07575283 52.49440428 872115202854092801 3810235692 Tue Jun 06 15:37:22 +0000 2017
4.91159141 52.36613866 872115537127636992 7305132 Tue Jun 06 15:38:41 +0000 2017
4.76194429 52.30944443 872115538683670528 278708054 Tue Jun 06 15:38:42 +0000 2017
4.8835 52.3744299 872115693113802757 117171314 Tue Jun 06 15:39:19 +0000 2017
4.90288 52.38421 872115710910222336 51610744 Tue Jun 06 15:39:23 +0000 2017
4.7912 52.25667 872116243012042753 28752969 Tue Jun 06 15:41:30 +0000 2017
4.91258 52.36696 872116264176689152 1506609158 Tue Jun 06 15:41:35 +0000 2017
4.90027761 52.37888718 872116799390838784 278708054 Tue Jun 06 15:43:42 +0000 2017
4.76194429 52.30944443 872116801706094593 278708054 Tue Jun 06 15:43:43 +0000 2017
4.88090986 52.36446225 872116862896787458 111133140 Tue Jun 06 15:43:57 +0000 2017
4.87059798 52.3864409 872117313092374529 14496056 Tue Jun 06 15:45:45 +0000 2017
4.76309 52.30956 872117854849466368 54249791 Tue Jun 06 15:47:54 +0000 2017
4.8951679 52.3702157 872118144453591040 32282093 Tue Jun 06 15:49:03 +0000 2017
4.868652 52.375581 872118147075244032 72354705 Tue Jun 06 15:49:04 +0000 2017
5.04583 52.30117 872118188531752961 261170677 Tue Jun 06 15:49:13 +0000 2017
4.657549 52.484567 872118394786545666 28199976 Tue Jun 06 15:50:03 +0000 2017
4.90027761 52.37888718 872118687075106816 278708054 Tue Jun 06 15:51:12 +0000 2017
4.8325 52.310833 872118802472894465 713353214 Tue Jun 06 15:51:40 +0000 2017
4.8922 52.3731 872118972463763456 36899782 Tue Jun 06 15:52:20 +0000 2017
4.813427 52.471471 872119033537208321 3375579785 Tue Jun 06 15:52:35 +0000 2017
5.04583 52.30117 872119282800439297 261170677 Tue Jun 06 15:53:34 +0000 2017
4.76194429 52.30944443 872119314039664644 278708054 Tue Jun 06 15:53:42 +0000 2017
4.85558 52.39707 872119400073134080 3598644755 Tue Jun 06 15:54:02 +0000 2017
4.88991 52.34123 872119550791254016 856511459500720128 Tue Jun 06 15:54:38 +0000 2017
4.98598 52.18537 872119641082138626 704264353940414464 Tue Jun 06 15:55:00 +0000 2017
5.15503 52.30603 872119724175478785 704264353940414464 Tue Jun 06 15:55:20 +0000 2017
5.20252 52.14521 872119786288840704 704264353940414464 Tue Jun 06 15:55:34 +0000 2017
4.93762 52.21855 872119813388333058 704264353940414464 Tue Jun 06 15:55:41 +0000 2017
4.82657 52.37392 872119920213078017 2566998819 Tue Jun 06 15:56:06 +0000 2017
4.813427 52.471471 872119931369918464 3375579785 Tue Jun 06 15:56:09 +0000 2017
5.22555556 52.37583333 872120224715341826 26070132 Tue Jun 06 15:57:19 +0000 2017
5.04583 52.30117 872120613225328641 261170677 Tue Jun 06 15:58:52 +0000 2017
4.98968 52.16878 872120762089525249 50571183 Tue Jun 06 15:59:27 +0000 2017
4.8922 52.3731 872120861674938368 45433284 Tue Jun 06 15:59:51 +0000 2017
4.9231586 52.3346435 872120913310961665 224671737 Tue Jun 06 16:00:03 +0000 2017
4.8536555 52.2920953 872120915173277697 224671737 Tue Jun 06 16:00:04 +0000 2017
4.8922 52.3731 872121019913424897 195346463 Tue Jun 06 16:00:29 +0000 2017
4.62668422 52.26122985 872121326961647616 159011585 Tue Jun 06 16:01:42 +0000 2017
4.88725586 52.39398971 872121683993174016 186899860 Tue Jun 06 16:03:07 +0000 2017
4.88725586 52.39398971 872121685696061440 186899860 Tue Jun 06 16:03:07 +0000 2017
4.89046655 52.36645202 872121746966667264 575608073 Tue Jun 06 16:03:22 +0000 2017
4.90027761 52.37888718 872122463152373764 278708054 Tue Jun 06 16:06:13 +0000 2017
4.76194429 52.30944443 872122465518067712 278708054 Tue Jun 06 16:06:13 +0000 2017
4.96660998 52.45356347 872122498850193408 19335517 Tue Jun 06 16:06:21 +0000 2017
4.6364599 52.26812 872122653892644865 159011585 Tue Jun 06 16:06:58 +0000 2017
4.95584387 52.34059824 872122727389425666 46630670 Tue Jun 06 16:07:16 +0000 2017
4.99126478 52.30791646 872123381725880320 59502275 Tue Jun 06 16:09:52 +0000 2017
4.657549 52.484567 872123424637952001 28199976 Tue Jun 06 16:10:02 +0000 2017
4.8074392 52.35898539 872123433789915139 282211826 Tue Jun 06 16:10:04 +0000 2017
4.88149166 52.3574526 872123622894206979 100395504 Tue Jun 06 16:10:49 +0000 2017
4.8694533 52.3789663 872123632985702400 358650021 Tue Jun 06 16:10:52 +0000 2017
4.96661781 52.45356304 872123711947722752 19335517 Tue Jun 06 16:11:10 +0000 2017
4.76194429 52.30944443 872123718759325699 278708054 Tue Jun 06 16:11:12 +0000 2017
4.76393985 52.30908793 872123799256403971 20903032 Tue Jun 06 16:11:31 +0000 2017
4.96098621 52.23457228 872123824170512386 134922895 Tue Jun 06 16:11:37 +0000 2017
4.881334 52.366575 872123929145602048 126073175 Tue Jun 06 16:12:02 +0000 2017
4.8951679 52.3702157 872124019138494464 600677100 Tue Jun 06 16:12:24 +0000 2017
4.76393985 52.30908793 872124150198013952 20903032 Tue Jun 06 16:12:55 +0000 2017
4.8922 52.3731 872124212714098688 67947850 Tue Jun 06 16:13:10 +0000 2017
4.8922 52.3731 872124221916409857 51027882 Tue Jun 06 16:13:12 +0000 2017
4.88974415 52.40074499 872124390237888512 4719852561 Tue Jun 06 16:13:52 +0000 2017
4.76393985 52.30908793 872124483506778114 20903032 Tue Jun 06 16:14:14 +0000 2017
4.9472 52.28712 872124642173095938 704264353940414464 Tue Jun 06 16:14:52 +0000 2017
4.93374 52.30243 872124689249959936 704264353940414464 Tue Jun 06 16:15:03 +0000 2017
5.20923 52.14656 872124746816782336 704264353940414464 Tue Jun 06 16:15:17 +0000 2017
5.16123 52.14712 872124797202952193 704264353940414464 Tue Jun 06 16:15:29 +0000 2017
4.99015 52.16074 872124827729092609 704264353940414464 Tue Jun 06 16:15:36 +0000 2017
4.90028742 52.36643964 872124880652783617 223514206 Tue Jun 06 16:15:49 +0000 2017
4.89815716 52.36048316 872125358086250496 221075185 Tue Jun 06 16:17:43 +0000 2017
4.90027761 52.37888718 872126235731734528 278708054 Tue Jun 06 16:21:12 +0000 2017
4.8835516 52.36341493 872126624921247746 375100598 Tue Jun 06 16:22:45 +0000 2017
5.17916667 52.10333333 872126741443039233 42056702 Tue Jun 06 16:23:13 +0000 2017
4.95131 52.36594 872126830517469184 1013556361 Tue Jun 06 16:23:34 +0000 2017
4.76194429 52.30944443 872126864948699138 278708054 Tue Jun 06 16:23:42 +0000 2017
4.86667 52.45 872127172525383680 1043374862 Tue Jun 06 16:24:55 +0000 2017
4.8922 52.3731 872127314053799936 81411061 Tue Jun 06 16:25:29 +0000 2017
4.8922 52.3731 872127337546096641 238293192 Tue Jun 06 16:25:35 +0000 2017
4.9404865 52.36686168 872127367682154497 600677100 Tue Jun 06 16:25:42 +0000 2017
4.76194429 52.30944443 872127494081720321 278708054 Tue Jun 06 16:26:12 +0000 2017
4.940329 52.36285 872127865487187968 57618661 Tue Jun 06 16:27:41 +0000 2017
4.95313 52.27918 872128301665595392 704264353940414464 Tue Jun 06 16:29:25 +0000 2017
4.93374 52.30243 872128354006294530 704264353940414464 Tue Jun 06 16:29:37 +0000 2017
4.8325 52.310833 872128363829264384 60621585 Tue Jun 06 16:29:39 +0000 2017
4.81718 52.31168 872128438387257344 704264353940414464 Tue Jun 06 16:29:57 +0000 2017
4.657549 52.484567 872128461208530944 28199976 Tue Jun 06 16:30:03 +0000 2017
4.89552 52.37619 872128717958590465 1008383756 Tue Jun 06 16:31:04 +0000 2017
4.9300944 52.383677 872129191826911232 10714802 Tue Jun 06 16:32:57 +0000 2017
4.8890399 52.3688999 872129201553276928 2861176586 Tue Jun 06 16:32:59 +0000 2017
4.76393985 52.30908793 872129400254365697 13651282 Tue Jun 06 16:33:47 +0000 2017
4.88333 52.36433 872129979336855553 2927401204 Tue Jun 06 16:36:05 +0000 2017
4.76194429 52.30944443 872130011016212481 278708054 Tue Jun 06 16:36:12 +0000 2017
4.76194429 52.30944443 872130012572504064 278708054 Tue Jun 06 16:36:13 +0000 2017
4.8922 52.3731 872130213672517632 2246079709 Tue Jun 06 16:37:00 +0000 2017
4.8922 52.3731 872130457231437824 1041273384 Tue Jun 06 16:37:59 +0000 2017
4.8922 52.3731 872130580711866368 96120391 Tue Jun 06 16:38:28 +0000 2017
4.73982338 52.18448032 872130687192715269 28141317 Tue Jun 06 16:38:53 +0000 2017
4.90524 52.35998 872130768667103232 323154533 Tue Jun 06 16:39:13 +0000 2017
4.8922 52.3731 872130918068236289 96120391 Tue Jun 06 16:39:48 +0000 2017
4.93 52.33 872131273892007937 130796841 Tue Jun 06 16:41:13 +0000 2017
4.76212129 52.30972918 872131513076383744 429898545 Tue Jun 06 16:42:10 +0000 2017
4.887221 52.365531 872132130826051586 974407603 Tue Jun 06 16:44:38 +0000 2017
5.028178 52.315744 872132320324714496 279668210 Tue Jun 06 16:45:23 +0000 2017
4.8922 52.3731 872132465560879108 140410206 Tue Jun 06 16:45:57 +0000 2017
4.88132 52.35793 872132659098640384 974407603 Tue Jun 06 16:46:44 +0000 2017
4.96658608 52.45355686 872132666891567104 19335517 Tue Jun 06 16:46:45 +0000 2017
4.88091 52.36952 872132684730044416 297330952 Tue Jun 06 16:46:50 +0000 2017
4.813427 52.471471 872133063551176705 3375579785 Tue Jun 06 16:48:20 +0000 2017
4.9689054 52.4952733 872133090797383680 16021466 Tue Jun 06 16:48:26 +0000 2017
4.93374 52.30243 872133201321504770 704264353940414464 Tue Jun 06 16:48:53 +0000 2017
4.89343822 52.37287766 872133337019764736 297330952 Tue Jun 06 16:49:25 +0000 2017
4.657549 52.484567 872133490736848902 28199976 Tue Jun 06 16:50:02 +0000 2017
4.91073 52.36255 872133597930463232 19238265 Tue Jun 06 16:50:27 +0000 2017
4.89065 52.36257 872133604167622657 20782612 Tue Jun 06 16:50:29 +0000 2017
4.90027761 52.37888718 872133784661106689 278708054 Tue Jun 06 16:51:12 +0000 2017
4.76194429 52.30944443 872134414444134401 278708054 Tue Jun 06 16:53:42 +0000 2017
4.813427 52.471471 872134437030559744 3375579785 Tue Jun 06 16:53:47 +0000 2017
4.8922 52.3731 872134492789649409 58324806 Tue Jun 06 16:54:01 +0000 2017
4.881285 52.36515 872134711656812544 19140633 Tue Jun 06 16:54:53 +0000 2017
4.92064112 52.38279207 872134882494906368 33198782 Tue Jun 06 16:55:34 +0000 2017
4.90227 52.3838099 872134893962231809 215884369 Tue Jun 06 16:55:36 +0000 2017
4.92064112 52.38279207 872134934844125184 33198782 Tue Jun 06 16:55:46 +0000 2017
4.92064112 52.38279207 872134969736515584 33198782 Tue Jun 06 16:55:54 +0000 2017
4.9666703 52.45355829 872135158983524352 19335517 Tue Jun 06 16:56:40 +0000 2017
4.9294 52.3783 872135269155307522 97777199 Tue Jun 06 16:57:06 +0000 2017
4.9294 52.3783 872135370380595200 97777199 Tue Jun 06 16:57:30 +0000 2017
4.9294 52.3783 872135492191617025 97777199 Tue Jun 06 16:57:59 +0000 2017
4.95206791 52.29871255 872135795817185281 47577112 Tue Jun 06 16:59:11 +0000 2017
4.66433876 52.30164072 872135919926640642 20220995 Tue Jun 06 16:59:41 +0000 2017
4.66417645 52.30164918 872135999714938881 20220995 Tue Jun 06 17:00:00 +0000 2017
4.88253072 52.38259375 872136003879919617 224671737 Tue Jun 06 17:00:01 +0000 2017
4.65733843 52.29526809 872136051900416000 20220995 Tue Jun 06 17:00:12 +0000 2017
4.96659306 52.45354766 872136303743311873 19335517 Tue Jun 06 17:01:12 +0000 2017
4.74791 52.3039 872136497104920576 69975872 Tue Jun 06 17:01:59 +0000 2017
4.96664417 52.45355954 872136741100163074 19335517 Tue Jun 06 17:02:57 +0000 2017
4.96665438 52.45355446 872137159335084034 19335517 Tue Jun 06 17:04:36 +0000 2017
4.88303144 52.20728761 872137246001987587 106825233 Tue Jun 06 17:04:57 +0000 2017
4.90027761 52.37888718 872137562080542724 278708054 Tue Jun 06 17:06:12 +0000 2017
4.96627109 52.45320473 872137741470842880 19335517 Tue Jun 06 17:06:55 +0000 2017
4.88472222 52.36666667 872137953371344896 30999332 Tue Jun 06 17:07:46 +0000 2017
4.76194429 52.30944443 872138189787586560 278708054 Tue Jun 06 17:08:42 +0000 2017
4.9167 52.35 872138311661273088 550261599 Tue Jun 06 17:09:11 +0000 2017
4.657549 52.484567 872138523599671297 28199976 Tue Jun 06 17:10:02 +0000 2017
4.93488208 52.3745968 872138563411947521 1123196786 Tue Jun 06 17:10:11 +0000 2017
4.8922 52.3731 872138715577163776 2841874420 Tue Jun 06 17:10:48 +0000 2017
4.88668636 52.34364346 872138744811401218 310772209 Tue Jun 06 17:10:54 +0000 2017
4.8875 52.2875 872139087540617221 92038459 Tue Jun 06 17:12:16 +0000 2017
4.8922 52.3731 872139370312200193 2246079709 Tue Jun 06 17:13:24 +0000 2017
4.8922 52.3731 872139421474209792 475682722 Tue Jun 06 17:13:36 +0000 2017
4.8922 52.3731 872139431125426176 2562477621 Tue Jun 06 17:13:38 +0000 2017
4.97159 52.34792 872139466705653764 704264353940414464 Tue Jun 06 17:13:47 +0000 2017
4.90299005 52.36539968 872140665517375489 17690905 Tue Jun 06 17:18:32 +0000 2017
4.87914269 52.36327916 872140748363370496 711611728107347972 Tue Jun 06 17:18:52 +0000 2017
5.031781 52.310846 872140788318253057 126073175 Tue Jun 06 17:19:02 +0000 2017
4.76393985 52.30908793 872140822032023553 13651282 Tue Jun 06 17:19:10 +0000 2017
4.887964 52.383162 872141038919585792 162110102 Tue Jun 06 17:20:01 +0000 2017
4.90027761 52.37888718 872141337461739520 278708054 Tue Jun 06 17:21:13 +0000 2017
4.89357 52.37033 872141546199666689 3598644755 Tue Jun 06 17:22:02 +0000 2017
4.8951679 52.3702157 872141701636390912 600677100 Tue Jun 06 17:22:39 +0000 2017
4.85160407 52.37415279 872141763686825984 104853400 Tue Jun 06 17:22:54 +0000 2017
4.76194429 52.30944443 872141963855843328 278708054 Tue Jun 06 17:23:42 +0000 2017
4.76194429 52.30944443 872141965407789056 278708054 Tue Jun 06 17:23:42 +0000 2017
4.83333 52.45 872142210942349314 27411742 Tue Jun 06 17:24:41 +0000 2017
4.9175 52.331667 872142400554139650 16815311 Tue Jun 06 17:25:26 +0000 2017
4.8731 52.3825 872142496771473409 67458475 Tue Jun 06 17:25:49 +0000 2017
4.76194429 52.30944443 872142593135661059 278708054 Tue Jun 06 17:26:12 +0000 2017
4.76393985 52.30908793 872143019058712580 85785495 Tue Jun 06 17:27:54 +0000 2017
4.89210248 52.40074639 872143531275681793 24205649 Tue Jun 06 17:29:56 +0000 2017
4.657549 52.484567 872143556944818177 28199976 Tue Jun 06 17:30:02 +0000 2017
4.8922 52.3731 872143824684036096 47405281 Tue Jun 06 17:31:06 +0000 2017
4.750845 52.380905 872144102346903554 19140633 Tue Jun 06 17:32:12 +0000 2017
4.8922 52.3731 872144103718305792 34776409 Tue Jun 06 17:32:12 +0000 2017
4.891667 52.371111 872144639033135104 17026524 Tue Jun 06 17:34:20 +0000 2017
4.76194429 52.30944443 872145110066221056 278708054 Tue Jun 06 17:36:12 +0000 2017
4.8295322 52.4255808 872145567832559618 606514503 Tue Jun 06 17:38:01 +0000 2017
4.76194429 52.30944443 872145740935704576 278708054 Tue Jun 06 17:38:42 +0000 2017
4.76194429 52.30944443 872145743682969600 278708054 Tue Jun 06 17:38:43 +0000 2017
4.88203118 52.36262437 872145808514306050 1117286695 Tue Jun 06 17:38:59 +0000 2017
4.8922 52.3731 872146650361475076 194488099 Tue Jun 06 17:42:19 +0000 2017
5.02171298 52.33446943 872147247210811392 757861654885494784 Tue Jun 06 17:44:42 +0000 2017
4.8922 52.3731 872147313719955456 51027882 Tue Jun 06 17:44:57 +0000 2017
4.88543041 52.36004094 872147511326240768 24884186 Tue Jun 06 17:45:45 +0000 2017
4.90028742 52.36643964 872147742830845952 223514206 Tue Jun 06 17:46:40 +0000 2017
4.8922 52.3731 872147799411961863 140410206 Tue Jun 06 17:46:53 +0000 2017
5.0581268 52.3130802 872147819863441409 785155596580425728 Tue Jun 06 17:46:58 +0000 2017
4.8922 52.3731 872148241856507904 2743980857 Tue Jun 06 17:48:39 +0000 2017
4.657549 52.484567 872148590008967168 28199976 Tue Jun 06 17:50:02 +0000 2017
4.88228 52.36399 872148607893295104 380395793 Tue Jun 06 17:50:06 +0000 2017
4.8922 52.3731 872148809953968128 286697640 Tue Jun 06 17:50:54 +0000 2017
4.8922 52.3731 872148982776180736 463299556 Tue Jun 06 17:51:35 +0000 2017
4.8922 52.3731 872149294530351108 458689309 Tue Jun 06 17:52:50 +0000 2017
4.85507 52.331 872149352072065029 15181154 Tue Jun 06 17:53:03 +0000 2017
4.76194429 52.30944443 872149515008192513 278708054 Tue Jun 06 17:53:42 +0000 2017
4.8735 52.3592 872150243399397376 16128775 Tue Jun 06 17:56:36 +0000 2017
4.89948173 52.37879244 872151001301528578 37102643 Tue Jun 06 17:59:37 +0000 2017
4.7476855 52.3786514 872151107681882114 224671737 Tue Jun 06 18:00:02 +0000 2017
4.80548 52.35548 872151110097784834 19116083 Tue Jun 06 18:00:03 +0000 2017
4.79248 52.27995 872151996328951808 2215788980 Tue Jun 06 18:03:34 +0000 2017
4.90027761 52.37888718 872152030852390912 278708054 Tue Jun 06 18:03:42 +0000 2017
4.94223 52.40939 872152213908541441 2280856971 Tue Jun 06 18:04:26 +0000 2017
4.63931587 52.30731296 872152429781032962 307553809 Tue Jun 06 18:05:17 +0000 2017
4.8735 52.3592 872152504477376513 16128775 Tue Jun 06 18:05:35 +0000 2017
4.91437466 52.37163097 872152557082128385 149596032 Tue Jun 06 18:05:48 +0000 2017
4.8922 52.3731 872152695439806465 486055107 Tue Jun 06 18:06:21 +0000 2017
4.8735 52.3592 872152996720910336 16128775 Tue Jun 06 18:07:32 +0000 2017
4.8566429 52.3522253 872153070859239424 25175111 Tue Jun 06 18:07:50 +0000 2017
4.76194429 52.30944443 872153289495805956 278708054 Tue Jun 06 18:08:42 +0000 2017
4.657549 52.484567 872153627158335488 28199976 Tue Jun 06 18:10:03 +0000 2017
4.813427 52.471471 872153650214445058 3375579785 Tue Jun 06 18:10:08 +0000 2017
4.896642 52.366019 872153987927224320 47712466 Tue Jun 06 18:11:29 +0000 2017
4.81443 52.2651893 872154225136078848 207323718 Tue Jun 06 18:12:25 +0000 2017
4.90027761 52.37888718 872154548042952709 278708054 Tue Jun 06 18:13:42 +0000 2017
4.8933799 52.36957 872154713629704192 49591978 Tue Jun 06 18:14:22 +0000 2017
4.813427 52.471471 872154773620961284 3375579785 Tue Jun 06 18:14:36 +0000 2017
5.21749 52.36834 872155014973849602 70667836 Tue Jun 06 18:15:34 +0000 2017
4.87118001 52.37227592 872155295061028866 15588419 Tue Jun 06 18:16:40 +0000 2017
4.89925346 52.3737859 872155350191017984 222836913 Tue Jun 06 18:16:54 +0000 2017
4.8951679 52.3702157 872155739237879809 600677100 Tue Jun 06 18:18:26 +0000 2017
4.85773855 52.3746373 872156039961038848 87377126 Tue Jun 06 18:19:38 +0000 2017
4.87972 52.35194 872156341422444547 26017813 Tue Jun 06 18:20:50 +0000 2017
4.89101 52.36947 872156478848737280 389273037 Tue Jun 06 18:21:23 +0000 2017
4.94053 52.31375 872156594158673921 133665180 Tue Jun 06 18:21:50 +0000 2017
4.90127 52.38413 872156685338501120 41596011 Tue Jun 06 18:22:12 +0000 2017
4.89957 52.37249 872156890448273408 90477877 Tue Jun 06 18:23:01 +0000 2017
4.93693 52.366095 872156967413977088 19140633 Tue Jun 06 18:23:19 +0000 2017
4.8922 52.3731 872157282297106432 2168689353 Tue Jun 06 18:24:34 +0000 2017
4.94053 52.31375 872157307735601153 133665180 Tue Jun 06 18:24:40 +0000 2017
4.76194429 52.30944443 872157696409120769 278708054 Tue Jun 06 18:26:13 +0000 2017
4.8951679 52.3702157 872157751614558214 600677100 Tue Jun 06 18:26:26 +0000 2017
4.95960031 52.36542358 872157780492378113 77019386 Tue Jun 06 18:26:33 +0000 2017
4.9356344 52.3660721 872158650000867330 224671737 Tue Jun 06 18:30:00 +0000 2017
4.657549 52.484567 872158660151181313 28199976 Tue Jun 06 18:30:03 +0000 2017
4.7888431 52.3580957 872158815633977345 815268505004150784 Tue Jun 06 18:30:40 +0000 2017
4.76393985 52.30908793 872159088825827328 27999935 Tue Jun 06 18:31:45 +0000 2017
5.17916667 52.10333333 872159144157077504 294456071 Tue Jun 06 18:31:58 +0000 2017
4.76667 52.2667 872159263082389505 317018358 Tue Jun 06 18:32:26 +0000 2017
4.8922 52.3731 872159373606363136 291634076 Tue Jun 06 18:32:53 +0000 2017
4.9587199 52.49814 872159592326860802 244129127 Tue Jun 06 18:33:45 +0000 2017
5.10205 52.27758 872159891011624962 19585264 Tue Jun 06 18:34:56 +0000 2017
5.1093221 52.2404824 872160161317748736 47640485 Tue Jun 06 18:36:01 +0000 2017
4.76194429 52.30944443 872160211238309888 278708054 Tue Jun 06 18:36:12 +0000 2017
4.87596 52.34191 872160283271208960 21912832 Tue Jun 06 18:36:30 +0000 2017
4.8922 52.3731 872160486732836864 317018358 Tue Jun 06 18:37:18 +0000 2017
5.0033 52.17241 872160570048364544 785083497446866944 Tue Jun 06 18:37:38 +0000 2017
4.89627 52.37394 872160925071155200 3598644755 Tue Jun 06 18:39:03 +0000 2017
4.8922 52.3731 872160926371282944 39125189 Tue Jun 06 18:39:03 +0000 2017
4.947425 52.475823 872161006725844992 19140633 Tue Jun 06 18:39:22 +0000 2017
4.8922 52.3731 872161713042468866 317018358 Tue Jun 06 18:42:11 +0000 2017
4.88382151 52.36223099 872161850745597954 294788649 Tue Jun 06 18:42:43 +0000 2017
4.90027761 52.37888718 872162098486419458 278708054 Tue Jun 06 18:43:42 +0000 2017
4.88852837 52.37054485 872162383929757696 351585641 Tue Jun 06 18:44:50 +0000 2017
4.76393985 52.30908793 872162713383862272 317018358 Tue Jun 06 18:46:09 +0000 2017
5.0033 52.17241 872162971992023040 785083497446866944 Tue Jun 06 18:47:11 +0000 2017
4.878176 52.391215 872163017974321154 19140633 Tue Jun 06 18:47:22 +0000 2017
4.87299 52.38623 872163486171791366 18578025 Tue Jun 06 18:49:13 +0000 2017
4.657549 52.484567 872163693420843008 28199976 Tue Jun 06 18:50:03 +0000 2017
4.76194429 52.30944443 872163987449892865 278708054 Tue Jun 06 18:51:13 +0000 2017
4.8922 52.3731 872164231638118400 1319443626 Tue Jun 06 18:52:11 +0000 2017
4.76194429 52.30944443 872164613894352896 278708054 Tue Jun 06 18:53:42 +0000 2017
4.861057 52.207715 872164777430315008 318335985 Tue Jun 06 18:54:21 +0000 2017
4.8968319 52.37323987 872165138517942275 230956944 Tue Jun 06 18:55:47 +0000 2017
4.90118 52.3694 872165439576580097 36240249 Tue Jun 06 18:56:59 +0000 2017
4.892222 52.368889 872165455733157889 429674109 Tue Jun 06 18:57:03 +0000 2017
4.89089 52.37365 872165957418004480 63825184 Tue Jun 06 18:59:02 +0000 2017
4.88703 52.36076 872166135390769157 47712466 Tue Jun 06 18:59:45 +0000 2017
4.8798554 52.3887824 872166203351076864 224671737 Tue Jun 06 19:00:01 +0000 2017
4.9473692 52.472302 872166207868346368 224671737 Tue Jun 06 19:00:02 +0000 2017
4.88858864 52.38072588 872166262922674177 143051593 Tue Jun 06 19:00:15 +0000 2017
4.8922 52.3731 872166328651587584 111907872 Tue Jun 06 19:00:31 +0000 2017
4.90515 52.37658 872166345097568257 16334630 Tue Jun 06 19:00:35 +0000 2017
4.62582415 52.43406743 872166417990287361 7396802 Tue Jun 06 19:00:52 +0000 2017
4.7 52.3 872166559879487488 293998485 Tue Jun 06 19:01:26 +0000 2017
4.81918285 52.47337076 872166733674561536 306422745 Tue Jun 06 19:02:08 +0000 2017
4.8922 52.3731 872167202316664832 146432822 Tue Jun 06 19:03:59 +0000 2017
4.8922 52.3731 872167225846894592 230956944 Tue Jun 06 19:04:05 +0000 2017
4.8922 52.3731 872167256675012608 42198580 Tue Jun 06 19:04:12 +0000 2017
4.8813258 52.3538031 872167475290439680 40456227 Tue Jun 06 19:05:04 +0000 2017
4.9065032 52.3642677 872167559033798656 18763148 Tue Jun 06 19:05:24 +0000 2017
4.76194429 52.30944443 872167760855543809 278708054 Tue Jun 06 19:06:12 +0000 2017
4.8922 52.3731 872167799493447680 2973322269 Tue Jun 06 19:06:22 +0000 2017
4.76393985 52.30908793 872167804534968320 20100412 Tue Jun 06 19:06:23 +0000 2017
4.90365259 52.38322761 872168016070537216 20782612 Tue Jun 06 19:07:13 +0000 2017
4.8922 52.3731 872168360188010499 230956944 Tue Jun 06 19:08:35 +0000 2017
4.87089483 52.37232216 872168430564253696 15588419 Tue Jun 06 19:08:52 +0000 2017
4.87085834 52.37240808 872168684000858113 15588419 Tue Jun 06 19:09:53 +0000 2017
4.657549 52.484567 872168726463959042 28199976 Tue Jun 06 19:10:03 +0000 2017
4.90027761 52.37888718 872169022728663040 278708054 Tue Jun 06 19:11:13 +0000 2017
4.76194429 52.30944443 872169024393752576 278708054 Tue Jun 06 19:11:14 +0000 2017
4.8981 52.3703 872169246762991616 36240249 Tue Jun 06 19:12:07 +0000 2017
4.98196 52.51729 872169320515751936 919422606 Tue Jun 06 19:12:24 +0000 2017
4.91552355 52.4295372 872169455010410497 19335517 Tue Jun 06 19:12:56 +0000 2017
4.8968319 52.37323987 872169505123954690 230956944 Tue Jun 06 19:13:08 +0000 2017
4.93064722 52.35278889 872169562858545152 117428533 Tue Jun 06 19:13:22 +0000 2017
4.861057 52.207715 872169666403336196 318335985 Tue Jun 06 19:13:47 +0000 2017
4.8666049 52.33448366 872170776509661184 28302329 Tue Jun 06 19:18:11 +0000 2017
4.86464431 52.37910605 872171031108218880 52341033 Tue Jun 06 19:19:12 +0000 2017
4.90365259 52.38322761 872171139140866048 20782612 Tue Jun 06 19:19:38 +0000 2017
4.76194429 52.30944443 872171536437964800 278708054 Tue Jun 06 19:21:13 +0000 2017
4.813427 52.471471 872171566699859969 3375579785 Tue Jun 06 19:21:20 +0000 2017
4.755942 52.30142691 872171661344333825 35770949 Tue Jun 06 19:21:42 +0000 2017
4.90125 52.36937 872171850888916992 36240249 Tue Jun 06 19:22:28 +0000 2017
4.83388889 52.35722222 872171962449055744 36240249 Tue Jun 06 19:22:54 +0000 2017
4.87108896 52.3723179 872172013573607424 15588419 Tue Jun 06 19:23:06 +0000 2017
4.79248 52.27995 872172036407181313 2215788980 Tue Jun 06 19:23:12 +0000 2017
4.90391 52.36737 872172107555262464 36240249 Tue Jun 06 19:23:29 +0000 2017
4.912072 52.377783 872172171614982144 550853519 Tue Jun 06 19:23:44 +0000 2017
4.8922 52.3731 872172174228033536 2927401204 Tue Jun 06 19:23:45 +0000 2017
4.83960273 52.38692583 872172320009453568 70066349 Tue Jun 06 19:24:19 +0000 2017
4.88333 52.36433 872172385486745600 2927401204 Tue Jun 06 19:24:35 +0000 2017
4.87103788 52.37237543 872173942714269696 15588419 Tue Jun 06 19:30:46 +0000 2017
4.89372597 52.33078409 872174338849607680 45213585 Tue Jun 06 19:32:21 +0000 2017
4.861057 52.207715 872174687601790977 318335985 Tue Jun 06 19:33:44 +0000 2017
4.90365259 52.38322761 872175645937340416 20782612 Tue Jun 06 19:37:32 +0000 2017
4.8747 52.36838 872175711863406594 45213585 Tue Jun 06 19:37:48 +0000 2017
4.8922 52.3731 872175810672766977 2927401204 Tue Jun 06 19:38:12 +0000 2017
4.83956548 52.38699548 872176010397192193 70066349 Tue Jun 06 19:38:59 +0000 2017
4.8922 52.3731 872176091728883714 105986885 Tue Jun 06 19:39:19 +0000 2017
5.02171298 52.33446943 872176151182979072 757861654885494784 Tue Jun 06 19:39:33 +0000 2017
4.90391 52.36737 872176419366813696 36240249 Tue Jun 06 19:40:37 +0000 2017
4.8728147 52.3514651 872176495384563713 79156098 Tue Jun 06 19:40:55 +0000 2017
4.89889762 52.37585133 872176693317967877 1392348092 Tue Jun 06 19:41:42 +0000 2017
4.91559092 52.4296178 872176705485639681 19335517 Tue Jun 06 19:41:45 +0000 2017
4.8922 52.3731 872176710548152321 139370939 Tue Jun 06 19:41:46 +0000 2017
4.8922 52.3731 872176745897525248 36240249 Tue Jun 06 19:41:55 +0000 2017
5.2 52.1333 872177176862482432 929101 Tue Jun 06 19:43:37 +0000 2017
4.65695289 52.48111599 872177255736381440 2800156573 Tue Jun 06 19:43:56 +0000 2017
4.91547058 52.42951954 872177279417425922 19335517 Tue Jun 06 19:44:02 +0000 2017
4.88382151 52.36223099 872177398820765696 432878025 Tue Jun 06 19:44:30 +0000 2017
4.81994335 52.43916093 872177423143620613 213791318 Tue Jun 06 19:44:36 +0000 2017
4.87569809 52.20237294 872177510540300289 169865962 Tue Jun 06 19:44:57 +0000 2017
4.9404865 52.36686168 872177712072450050 600677100 Tue Jun 06 19:45:45 +0000 2017
4.76194429 52.30944443 872177826438557697 278708054 Tue Jun 06 19:46:12 +0000 2017
4.91555396 52.42976662 872178060610719745 19335517 Tue Jun 06 19:47:08 +0000 2017
4.99159 52.31056 872178485955047425 24904608 Tue Jun 06 19:48:50 +0000 2017
4.83959209 52.38692092 872178726397771776 70066349 Tue Jun 06 19:49:47 +0000 2017
4.88228 52.36399 872178733649731584 528571015 Tue Jun 06 19:49:49 +0000 2017
4.657549 52.484567 872178792483180549 28199976 Tue Jun 06 19:50:03 +0000 2017
4.8961 52.3531 872179117021687808 45899236 Tue Jun 06 19:51:20 +0000 2017
4.99159 52.31056 872181612326334464 24904608 Tue Jun 06 20:01:15 +0000 2017
4.7 52.3 872182295473639424 383435187 Tue Jun 06 20:03:58 +0000 2017
4.88385201 52.37517999 872182630615220224 92047414 Tue Jun 06 20:05:18 +0000 2017
4.89235 52.36659 872183003807715328 3641911883 Tue Jun 06 20:06:47 +0000 2017
4.76393985 52.30908793 872183013014216705 91836750 Tue Jun 06 20:06:49 +0000 2017
4.84438626 52.35763738 872183650753839104 3205842483 Tue Jun 06 20:09:21 +0000 2017
4.8922 52.3731 872183701488185345 340553700 Tue Jun 06 20:09:33 +0000 2017
4.657549 52.484567 872183826298138624 28199976 Tue Jun 06 20:10:03 +0000 2017
4.9756561 52.2900373 872184466021777408 808527253 Tue Jun 06 20:12:35 +0000 2017
4.8951679 52.3702157 872185182887043072 600677100 Tue Jun 06 20:15:26 +0000 2017
4.76212129 52.30972918 872185338193641472 115946221 Tue Jun 06 20:16:03 +0000 2017
4.8922 52.3731 872185418367647746 752763099573288961 Tue Jun 06 20:16:22 +0000 2017
4.8922 52.3731 872185514027298817 355180289 Tue Jun 06 20:16:45 +0000 2017
4.9380583 52.36378149 872185592309841922 18684681 Tue Jun 06 20:17:04 +0000 2017
4.76194429 52.30944443 872186016718782465 278708054 Tue Jun 06 20:18:45 +0000 2017
4.76194429 52.30944443 872186022217617409 278708054 Tue Jun 06 20:18:46 +0000 2017
4.90288 52.38421 872186447041892354 20385141 Tue Jun 06 20:20:28 +0000 2017
4.8922 52.3731 872186779998310402 3052629322 Tue Jun 06 20:21:47 +0000 2017
4.76194429 52.30944443 872187897251868675 278708054 Tue Jun 06 20:26:13 +0000 2017
4.89444475 52.37385253 872188315654656000 394219419 Tue Jun 06 20:27:53 +0000 2017
4.89444475 52.37385253 872188627966676996 394219419 Tue Jun 06 20:29:08 +0000 2017
4.76212129 52.30972918 872188674405957632 278435934 Tue Jun 06 20:29:19 +0000 2017
4.8922 52.3731 872188820757913600 3548270303 Tue Jun 06 20:29:54 +0000 2017
4.657549 52.484567 872188859605561346 28199976 Tue Jun 06 20:30:03 +0000 2017
4.89444475 52.37385253 872189158315479040 394219419 Tue Jun 06 20:31:14 +0000 2017
4.76194429 52.30944443 872189161138245632 278708054 Tue Jun 06 20:31:15 +0000 2017
4.89444475 52.37385253 872189406500859904 394219419 Tue Jun 06 20:32:13 +0000 2017
4.89444475 52.37385253 872189555159552000 394219419 Tue Jun 06 20:32:49 +0000 2017
4.8922 52.3731 872189471588069377 70801842 Tue Jun 06 20:32:29 +0000 2017
4.89444475 52.37385253 872189731685224453 394219419 Tue Jun 06 20:33:31 +0000 2017
4.89444475 52.37385253 872189993564897281 394219419 Tue Jun 06 20:34:33 +0000 2017
4.90017019 52.36650317 872190212524388352 58041135 Tue Jun 06 20:35:25 +0000 2017
4.89444475 52.37385253 872190240496209922 394219419 Tue Jun 06 20:35:32 +0000 2017
4.84556 52.37173 872190268430221312 27240444 Tue Jun 06 20:35:39 +0000 2017
4.89444475 52.37385253 872190406297079808 394219419 Tue Jun 06 20:36:12 +0000 2017
5.07575283 52.49440428 872190494503206913 2528306744 Tue Jun 06 20:36:33 +0000 2017
4.89444475 52.37385253 872190573503033344 394219419 Tue Jun 06 20:36:51 +0000 2017
4.89444475 52.37385253 872190814910382081 394219419 Tue Jun 06 20:37:49 +0000 2017
4.9113002 52.3638496 872190846220808192 137070792 Tue Jun 06 20:37:56 +0000 2017
4.88858864 52.38072588 872190946380845056 27278284 Tue Jun 06 20:38:20 +0000 2017
4.89444475 52.37385253 872190949908262914 394219419 Tue Jun 06 20:38:21 +0000 2017
4.72632014 52.20931463 872191030204014592 410939638 Tue Jun 06 20:38:40 +0000 2017
4.97779979 52.50564402 872191040220000261 283186420 Tue Jun 06 20:38:43 +0000 2017
4.8922 52.3731 872191063804571649 201245192 Tue Jun 06 20:38:48 +0000 2017
4.72632 52.209315 872191169769467904 1870524908 Tue Jun 06 20:39:14 +0000 2017
4.8922 52.3731 872191179852525571 264472246 Tue Jun 06 20:39:16 +0000 2017
4.89444475 52.37385253 872192193678778372 394219419 Tue Jun 06 20:43:18 +0000 2017
4.8922 52.3731 872192245474238465 2298444422 Tue Jun 06 20:43:30 +0000 2017
4.90365259 52.38322761 872192521107058694 20782612 Tue Jun 06 20:44:36 +0000 2017
4.8925 52.36444 872192903656783873 54536096 Tue Jun 06 20:46:07 +0000 2017
4.83810697 52.38891081 872193301914558464 572609962 Tue Jun 06 20:47:42 +0000 2017
4.96657639 52.45352102 872193403953569793 19335517 Tue Jun 06 20:48:06 +0000 2017
4.657549 52.484567 872193892455768064 28199976 Tue Jun 06 20:50:03 +0000 2017
4.76367 52.309 872194217128464384 794813234 Tue Jun 06 20:51:20 +0000 2017
4.88382151 52.36223099 872194504387960836 273040582 Tue Jun 06 20:52:29 +0000 2017
4.96661056 52.45352667 872196647131938819 19335517 Tue Jun 06 21:00:59 +0000 2017
4.83955477 52.38707497 872197671213203456 70066349 Tue Jun 06 21:05:04 +0000 2017
4.83958124 52.38694698 872197804508274688 70066349 Tue Jun 06 21:05:35 +0000 2017
4.87569809 52.20237294 872197854462435328 242459975 Tue Jun 06 21:05:47 +0000 2017
4.68647 52.29127 872198084268359684 2217144371 Tue Jun 06 21:06:42 +0000 2017
4.8566429 52.3522253 872198125921878016 25175111 Tue Jun 06 21:06:52 +0000 2017
4.90891457 52.3619408 872198152257851392 2915369315 Tue Jun 06 21:06:58 +0000 2017
4.861057 52.207715 872198279051841538 318335985 Tue Jun 06 21:07:29 +0000 2017
4.96667627 52.4535144 872198280968536064 19335517 Tue Jun 06 21:07:29 +0000 2017
4.90027761 52.37888718 872198591275782145 278708054 Tue Jun 06 21:08:43 +0000 2017
4.76194429 52.30944443 872198592420872200 278708054 Tue Jun 06 21:08:43 +0000 2017
4.657549 52.484567 872198925045911553 28199976 Tue Jun 06 21:10:03 +0000 2017
4.8735 52.3592 872198987977195520 245104921 Tue Jun 06 21:10:18 +0000 2017
4.900556 52.3747131 872199191237238785 3965298135 Tue Jun 06 21:11:06 +0000 2017
4.87569809 52.20237294 872200089921404929 242459975 Tue Jun 06 21:14:40 +0000 2017
4.89417546 52.37218278 872200762037866496 383435187 Tue Jun 06 21:17:21 +0000 2017
4.75 52.3 872201014174240770 15719809 Tue Jun 06 21:18:21 +0000 2017
4.76194429 52.30944443 872201105924599856 278708054 Tue Jun 06 21:18:43 +0000 2017
4.84113 52.35456 872201549791080448 24856412 Tue Jun 06 21:20:28 +0000 2017
4.861057 52.207715 872201633912020997 318335985 Tue Jun 06 21:20:48 +0000 2017
4.83961408 52.3869133 872201793631080448 70066349 Tue Jun 06 21:21:26 +0000 2017
5.01678 52.135 872201974044909573 20609253 Tue Jun 06 21:22:09 +0000 2017
4.86666667 52.36666667 872202137224302592 24313634 Tue Jun 06 21:22:48 +0000 2017
5.07575283 52.49440428 872202415860326400 210401562 Tue Jun 06 21:23:55 +0000 2017
4.8783205 52.3729508 872202449481760768 3598644755 Tue Jun 06 21:24:03 +0000 2017
4.887221 52.365531 872202618466181122 1650834192 Tue Jun 06 21:24:43 +0000 2017
4.966643 52.45350169 872202852688695296 19335517 Tue Jun 06 21:25:39 +0000 2017
4.96679806 52.45320217 872202944552329216 19335517 Tue Jun 06 21:26:01 +0000 2017
4.83961408 52.3869133 872203052371103744 70066349 Tue Jun 06 21:26:27 +0000 2017
4.865558 52.375522 872203054791118848 19140633 Tue Jun 06 21:26:27 +0000 2017
4.9280457 52.3365685 872203471650467840 38147433 Tue Jun 06 21:28:07 +0000 2017
4.8547562 52.3742198 872203946965704704 224671737 Tue Jun 06 21:30:00 +0000 2017
4.657549 52.484567 872203958189604864 28199976 Tue Jun 06 21:30:03 +0000 2017
4.88132 52.35793 872204966013804545 1650834192 Tue Jun 06 21:34:03 +0000 2017
4.8922 52.3731 872206167455350785 173201310 Tue Jun 06 21:38:49 +0000 2017
4.81918285 52.47337076 872206923264737281 100395504 Tue Jun 06 21:41:49 +0000 2017
4.8698616 52.33660103 872206958689832963 361932096 Tue Jun 06 21:41:58 +0000 2017
4.750246 52.278871 872207581531353090 278435934 Tue Jun 06 21:44:26 +0000 2017
4.8968509 52.3718182 872207586900140033 48395054 Tue Jun 06 21:44:28 +0000 2017
4.8922 52.3731 872207881847808000 100849022 Tue Jun 06 21:45:38 +0000 2017
4.657549 52.484567 872208991585267714 28199976 Tue Jun 06 21:50:03 +0000 2017
4.8968319 52.37323987 872209822992740353 403144340 Tue Jun 06 21:53:21 +0000 2017
4.87134309 52.37225672 872210298094194689 15588419 Tue Jun 06 21:55:14 +0000 2017
4.8922 52.3731 872210597882023936 115053620 Tue Jun 06 21:56:26 +0000 2017
4.90366321 52.38429386 872210630006251521 69449536 Tue Jun 06 21:56:33 +0000 2017
5.06958961 52.12838719 872212282117193728 1481639564 Tue Jun 06 22:03:07 +0000 2017
5.06958961 52.12838719 872212290757566464 1481639564 Tue Jun 06 22:03:09 +0000 2017
4.84661 52.35668 872212536506056704 233512582 Tue Jun 06 22:04:08 +0000 2017
4.8922 52.3731 872212549202268161 115053620 Tue Jun 06 22:04:11 +0000 2017
4.8922 52.3731 872213254902349824 18283199 Tue Jun 06 22:06:59 +0000 2017
4.8735 52.3592 872213372254769156 3089492784 Tue Jun 06 22:07:27 +0000 2017
4.8922 52.3731 872213832785158145 42385445 Tue Jun 06 22:09:17 +0000 2017
4.657549 52.484567 872214024842248192 28199976 Tue Jun 06 22:10:03 +0000 2017
4.63872 52.44156 872214065988456448 22681147 Tue Jun 06 22:10:12 +0000 2017
4.8922 52.3731 872214272906080256 543577735 Tue Jun 06 22:11:02 +0000 2017
